OTU	Kingdom	Supergroup	Phylum	Class	Subclass	Order	Suborder	Family	Genus	Species
35ae29839a24da0881a6c3f439e2bd62	 Eukaryota	 Hacrobia	 Haptophyta	 Prymnesiophyceae	 Prymnesiophycidae_X	 Phaeocystales	Phaeocystales_X	 Phaeocystaceae	 Phaeocystaceae_X	Phaeocystaceae_X
cb32a2338aafd3e79ede425b8fcf2d8e	 Eukaryota	 Hacrobia	 Haptophyta	 Prymnesiophyceae
b8f7788a96d905c62717277e04d292e0	 Eukaryota	 Hacrobia	 Cryptophyta	 Cryptophyceae	 Cryptophyceae_X	 Pyrenomonadales	Pyrenomonadales_X	 Pyrenomonadales_XX	 Pyrenomonadales_XXX	Pyrenomonadales_XXX
07d129c7ce392a17ed081d7403fac219	 Eukaryota	 Archaeplastida	 Chlorophyta	 Pedinophyceae	 Pedinophyceae_X	 Pedinomonadales	Pedinomonadales_X	 Pedinomonadaceae	 Pedinomonadaceae_X	Pedinomonadaceae_X
67ff7f5ec60ea169ed84bcf04cf50452	 Eukaryota	 Archaeplastida	 Chlorophyta	 Prasinophyceae	 Prasinophyceae_X	 Prasino-clade-9	Prasino-clade-9_X	 Prasino-clade-9_XX	 Prasino-clade-9_XXX	Prasino-clade-9_XXX
e507f9e808a98a3760c6d881556c2bd0	 Eukaryota	 Stramenopiles	 Ochrophyta	 Pelagophyceae	 Pelagophyceae_X	 Sarcinochrysidales	SarcinochrysidaleX	 Sarcinochrysidaceae	 Sarcinochrysidaceae_X	Sarcinochrysidaceae_X
95bf85a9b485bf8438cb686b83e81d3d	 Eukaryota	 Hacrobia	 Haptophyta	 Prymnesiophyceae	 Prymnesiophyceae_X	 Prymnesiophyceae_XX	Prymnesiophyceae_XXX
6519032e4385681a0e89da60b1aabb00	 Eukaryota	 Archaeplastida	 Chlorophyta	 Chlorodendrophyceae	 Chlorodendrophyceae_X	 Chlorodendrales	Chlorodendrales_X	 Chlorodendraceae	 Tetraselmis	Tetraselmis
3bcf1b678b2cbd492f667076cf9346c1	 Eukaryota	 Hacrobia	 Haptophyta	 Prymnesiophyceae	 Prymnesiophycidae_X	 Coccolithales	Coccolithales_X	 Hymenomonadaceae	 Hymenomonadaceae_X	Hymenomonadaceae_X
3d2831e6dd73fbe6a52c1b6738b156b0	 Eukaryota	 Hacrobia	 Haptophyta	 Prymnesiophyceae	 Prymnesiophycidae_X	 Coccolithales	Coccolithales_X	 Hymenomonadaceae	 Hymenomonadaceae_X	Hymenomonadaceae_X
cc50ac1d88445b9c0dc861fd5dd481ab	 Eukaryota	 Hacrobia	 Haptophyta	 Prymnesiophyceae
4864a5d7c12b6b395d68a06bc5bd0854	 Eukaryota	 Hacrobia	 Haptophyta	 Prymnesiophyceae	 Prymnesiophycidae_X	 Prymnesiales	Prymnesiales_X
0339031a728806559b09a335a1fcd510	 Eukaryota	 Hacrobia	 Haptophyta	 Prymnesiophyceae
3a575ceaed123ea8506f56b3798ccf58	 Eukaryota	 Hacrobia	 Haptophyta	 Prymnesiophyceae	 Prymnesiophycidae_X	 Phaeocystales	Phaeocystales_X	 Phaeocystaceae	 Phaeocystaceae_X	Phaeocystaceae_X
5078264a93526ca166769efcb52cb2a4	 Eukaryota	 Stramenopiles	 Ochrophyta	 Dictyochophyceae	 Dictyochophyceae_X	 Dictyochophyceae_XX	Dictyochophyceae_XXX	 Dictyochophyceae_XXXX	 Dictyochophyceae_XXXXX	Dictyochophyceae_XXXXX
c9a7556736de7ab208d8b4be2b6d42ae	 Eukaryota	 Stramenopiles	 Ochrophyta	 Chrysophyceae-Synurophyceae	 Chrysophyceae-Synurophyceae_X	 Chrysophyceae-Synurophyceae_XX	Chrysophyceae-Synurophyceae_XXX	 Chrysophyceae-Synurophyceae_XXXX	 Chrysophyceae-Synurophyceae_XXXXX	Chrysophyceae-Synurophyceae_XXXXX
1153b685df9ddcd734074019d6be883d	 Eukaryota	 Stramenopiles	 Ochrophyta	 Dictyochophyceae	 Dictyochophyceae_X	 Florenciellales	Florenciellales_X	 Florenciellales_XX	 Florenciellales_XXX	Florenciellales_XXX
0a32e1e811999d82b1a431019602e82a	 Eukaryota	 Stramenopiles	 Ochrophyta	 Bacillariophyta	 Bacillariophyceae
43f05bc8b47bf6e0e95a6b7888cbe9dd	 Eukaryota	 Hacrobia	 Haptophyta	 Prymnesiophyceae	 Prymnesiophycidae_X	 Prymnesiales	Prymnesiales_X	 Chrysochromulinaceae	 Chrysochromulinaceae_X	Chrysochromulinaceae_X
cc94b1a24816248265820d862df20a4f	 Eukaryota	 Archaeplastida	 Chlorophyta	 Mamiellophyceae	 Mamiellophyceae_X	 Mamiellales	Mamiellales_X	 Bathycoccaceae
f853607728c28e8a01bc21e39deb0252	 Eukaryota	 Hacrobia	 Haptophyta	 Prymnesiophyceae	 Prymnesiophycidae_X
adc51715ce9f8d4618e5e2ef4a76ed64	 Eukaryota	 Stramenopiles	 Ochrophyta	 Bacillariophyta	 Bacillariophyceae
a348709984885976a91d437463db599d	 Eukaryota	 Stramenopiles	 Ochrophyta	 Chrysophyceae	 Chrysophyceae_X	 Chrysophyceae_XX	Chrysophyceae_XXX	 Chrysophyceae_XXXX	 Chrysophyceae_XXXXX	Chrysophyceae_XXXXX
9d25efa28ba229daf4ca723282896fd9	 Eukaryota	 Hacrobia	 Haptophyta	 Prymnesiophyceae	 Prymnesiophyceae_X	 Prymnesiales	Prymnesiales_X
566ad9a5f42ccbe61e362e958e637910	 Eukaryota	 Hacrobia	 Rappemonad	 Rappemonad_X	 Rappemonad_XX	 Rappemonad_XXX	Rappemonad_XXXX	 Rappemonad_XXXXX	 Rappemonad_XXXXXX	Rappemonad
a3767528941e11feb5e37e7f942709d6	 Eukaryota	 Rhizaria	 Cercozoa	 Filosa-Chlorarachnea	 Filosa-Chlorarachnea_X	 Chlorarachniophyceae	Chlorarachniophyceae_X	 Chlorarachniaceae	 Chlorarachniaceae_X	Chlorarachniaceae_X
d87d626a7cb2f48744f94a641a71b68c	 Eukaryota	 Hacrobia	 Rappemonad	 Rappemonad_X	 Rappemonad_XX	 Rappemonad_XXX	Rappemonad_XXXX	 Rappemonad_XXXXX	 Rappemonad_XXXXXX	Rappemonad
80718c8c2fd01c9af01cad96a9199032	 Eukaryota	 Archaeplastida	 Chlorophyta	 Pedinophyceae	 Pedinophyceae_X	 Pedinomonadales	Pedinomonadales_X	 Pedinomonadaceae	 Pedinomonadaceae_X	Pedinomonadaceae_X
ef0c896e79a5a071a74130ea08f9af21	 Eukaryota	 Hacrobia	 Haptophyta	 Prymnesiophyceae	 Prymnesiophycidae_X	 Phaeocystales	Phaeocystales_X	 Phaeocystaceae	 Phaeocystaceae_X	Phaeocystaceae_X
757b90a42eeacdfc94d0ed6d627de5fe	 Eukaryota	 Archaeplastida	 Chlorophyta	 Prasinophyceae	 Prasinophyceae_X	 Pyramimonadales	Pyramimonadales_X	 Pterospermataceae	 Pterosperma	Pterosperma
9185cc900b20cc8aecf7912337252d36	 Eukaryota	 Stramenopiles	 Ochrophyta	 Ochrophyta_X	 Ochrophyta_XX	 Ochrophyta_XXX	Ochrophyta_XXXX	 Ochrophyta_XXXXX	 Ochrophyta_XXXXXX	Ochrophyta_XXXXXX
8bd5bee1621dc8d26c056dd41c2e27ab	 Eukaryota	 Hacrobia	 Haptophyta	 Prymnesiophyceae	 Prymnesiophycidae_X
5e0aef64a44113fbd3e7ca15dcdc00ba	 Eukaryota	 Archaeplastida	 Chlorophyta	 Prasinococcales	 Prasinococcales_X	 Prasinococcales_XX	Prasinococcales_XXX	 Prasinococcales_XXXX	 Prasinococcales_XXXXX	Prasinococcales_XXXXX
639c1d13f3eb37449f408a82ae5dece6	 Eukaryota	 Hacrobia	 Haptophyta	 Prymnesiophyceae	 Prymnesiophyceae_X	 Prymnesiales	Prymnesiales_X
9ef0c6a97d7f944392d4ae92c9780111	 Eukaryota	 Archaeplastida	 Streptophyta	 Embryophyceae
1aa14cb6ec295fe95c1d7f066154acd1	 Eukaryota
47f5082b1e249fe8cde10bb3242f6000	 Eukaryota	 Hacrobia	 Haptophyta	 Prymnesiophyceae	 Prymnesiophyceae_X	 Prymnesiales	Prymnesiales_X	 Chrysochromulinaceae	 Chrysochromulina	Chrysochromulina
8538970b0deffa7798ea73f15ecaf6ec	 Eukaryota	 Stramenopiles	 Ochrophyta	 Bacillariophyta	 Bacillariophyceae
c605467ef5f5ff6d6b1b9c7c3d59f684	 Eukaryota	 Hacrobia	 Haptophyta	 Prymnesiophyceae	 Prymnesiophyceae_X	 Prymnesiophyceae_XX
15e9f32497de6ed1d2dedca1244611bf	 Eukaryota	 Archaeplastida	 Streptophyta	 Embryophyceae
d06c4fff8ec595f0e7e73e4b5c7f5eb2	 Eukaryota	 Archaeplastida	 Streptophyta	 Embryophyceae
b237759044d637890791e0321b377c31	 Eukaryota	 Archaeplastida
b833fca7600f95d6c75c7a1f0d899128	 Eukaryota	 Hacrobia	 Haptophyta	 Prymnesiophyceae	 Prymnesiophycidae_X	 Prymnesiales	Prymnesiales_X
524aa45609c169d0c104a13c41c77be3	 Eukaryota	 Hacrobia	 Haptophyta	 Prymnesiophyceae
30550634543c6ec2fe5f8b39d253e011	 Eukaryota	 Hacrobia	 Haptophyta	 Prymnesiophyceae
b6dc87e450f71135e903c8fddafeddae	 Eukaryota	 Hacrobia	 Haptophyta	 Prymnesiophyceae	 Prymnesiophyceae_X	 Coccolithales	Coccolithales_X	 Calcidiscaceae	 Calcidiscus	Calcidiscus
cb29b2c6eeb767bceeb1882c50748748	 Eukaryota	 Stramenopiles	 Ochrophyta	 Chrysophyceae	 Chrysophyceae_X	 Chromulinales	Chromulinales_X	 Chromulinaceae	 Ochromonas	Ochromonas
ac580b55b068b172ee94c0b22b1e7ecb	 Eukaryota	 Archaeplastida	 Rhodophyta	 Florideophyceae	 Rhodymeniophycidae
27fa594472c7a8a0a0652117ac454de9	 Eukaryota	 Hacrobia	 Haptophyta	 Prymnesiophyceae	 Prymnesiophycidae_X	 Coccolithales	Coccolithales_X	 Hymenomonadaceae	 Hymenomonadaceae_X	Hymenomonadaceae_X
a6ae34dd809b5158618eb819fd1a7245	 Eukaryota	 Hacrobia	 Haptophyta	 Prymnesiophyceae	 Prymnesiophyceae_X	 Prymnesiophyceae_XX	Prymnesiophycidae_XXX	 Prymnesiophycidae_XXXX	 S25_1200	S25_1200
cf8fbae565e89e02600214e1e706b2a1	 Eukaryota	 Stramenopiles	 Ochrophyta	 Chrysophyceae	 Chrysophyceae_X	 Chrysophyceae_XX	Chrysophyceae_XXX	 Chrysophyceae_XXXX	 Chrysophyceae_XXXXX	Chrysophyceae_XXXXX
d7cb0b0df0a8f59bcb025e7ff704fb01	 Eukaryota	 Hacrobia	 Haptophyta	 Prymnesiophyceae	 Prymnesiophycidae_X	 Prymnesiales	Prymnesiales_X	 Chrysochromulinaceae	 Chrysochromulinaceae_X	Chrysochromulinaceae_X
21af357e23202565367695ee0e5e84bc	 Eukaryota	 Archaeplastida	 Chlorophyta	 Prasinophyceae	 Prasinophyceae_X	 Prasino-clade-9	Prasino-clade-9_X	 Prasino-clade-9_XX	 Prasino-clade-9_XXX	Prasino-clade-9_XXX
248a4c4b0d9b4939f05f7206cd52e9fc	 Eukaryota	 Stramenopiles	 Ochrophyta	 Bacillariophyta
4c53be6eb89d191a3454e1affed0ca78	 Eukaryota	 Hacrobia	 Haptophyta	 Prymnesiophyceae	 Prymnesiophycidae_X	 Phaeocystales	Phaeocystales_X	 Phaeocystaceae	 Phaeocystaceae_X	Phaeocystaceae_X
a979b198b604eea327e15ccd946cecbb	 Eukaryota	 Archaeplastida
fbb6d409d436dcfcc78eeab9c7a04028	 Eukaryota	 Rhizaria	 Cercozoa	 Filosa-Chlorarachnea	 Filosa-Chlorarachnea_X	 Chlorarachniophyceae	Chlorarachniophyceae_X	 Chlorarachniaceae	 Gymnochlora	Gymnochlora
8c30f098716f18263201b6e72b98f120	 Eukaryota	 Hacrobia	 Haptophyta	 Prymnesiophyceae	 Prymnesiophyceae_X	 Coccolithales	Coccolithales_X	 Calcidiscaceae	 Calcidiscus	Calcidiscus
7e1ffc5d00fb633734479aedbe5ecbb6	 Eukaryota	 Hacrobia	 Haptophyta	 Prymnesiophyceae	 Prymnesiophyceae_X	 Prymnesiophyceae_XX	Prymnesiophyceae_XXX
357b18829b958cfd3ab749eb8c6e67e3	 Eukaryota	 Hacrobia	 Rappemonad	 Rappemonad_X	 Rappemonad_XX	 Rappemonad_XXX	Rappemonad_XXXX	 Rappemonad_XXXXX	 Rappemonad_XXXXXX	Rappemonad
bff14112e48daf9d40a960400e2956b2	 Eukaryota	 Hacrobia	 Haptophyta	 Prymnesiophyceae	 Prymnesiophycidae_X	 Prymnesiales	Prymnesiales_X	 Chrysochromulinaceae	 Chrysochromulinaceae_X	Chrysochromulinaceae_X
2883248ffdf65c5665e7ea6fd26b9a04	 Eukaryota	 Stramenopiles	 Ochrophyta	 Bacillariophyta	 Bacillariophyceae
97e14c52a3019aa8d4546346011a8b8e	 Eukaryota	 Hacrobia	 Haptophyta	 Prymnesiophyceae
073abdd717f115b90d2a773ba9aab49a	 Eukaryota	 Hacrobia	 Haptophyta	 Prymnesiophyceae	 Prymnesiophycidae_X	 Prymnesiales	Prymnesiales_X
120e25bb12c8728445c712a5830ed38c	 Eukaryota	 Stramenopiles	 Ochrophyta
12a0ebde67c054a1c3ca4b328453bd69	 Eukaryota	 Archaeplastida	 Chlorophyta	 Prasinophyceae	 Prasinophyceae_X	 Prasinococcales	Prasinococcales_X	 Prasinococcaceae	 Prasinococcus	Prasinococcus
eceebfbb7927151a913bc570296475be	 Eukaryota	 Archaeplastida	 Chlorophyta	 Pedinophyceae	 Pedinophyceae_X	 Pedinomonadales	Pedinomonadales_X	 Pedinomonadaceae	 Pedinomonadaceae_X	Pedinomonadaceae_X
c566591aca865ad272a3aa0b070004c2	 Eukaryota	 Stramenopiles	 Ochrophyta	 Bacillariophyta	 Coscinodiscophyceae	 Triceratiales	Triceratiales_X	 Triceratiaceae	 Triceratiaceae_X	Triceratiaceae_X
cfec04df8949358d310e26fcb31aeb5e	 Eukaryota	 Hacrobia	 Haptophyta	 Prymnesiophyceae	 Prymnesiophycidae_X	 Phaeocystales	Phaeocystales_X	 Phaeocystaceae	 Phaeocystaceae_X	Phaeocystaceae_X
4e32a0c41a102a5ea77baa48a4e2e833	 Eukaryota	 Stramenopiles	 Ochrophyta	 Pelagophyceae	 Pelagophyceae_X	 Sarcinochrysidales	SarcinochrysidaleX	 Sarcinochrysidaceae	 Sarcinochrysidaceae_X	Sarcinochrysidaceae_X
2c205f02796c34328a331de04000c94d	 Eukaryota	 Hacrobia	 Haptophyta	 Prymnesiophyceae
89d2a72ec98435e41f174f008f06e486	 Eukaryota	 Hacrobia	 Haptophyta	 Prymnesiophyceae
c22060612201ebae3067d1c04daedf96	 Eukaryota	 Hacrobia	 Haptophyta	 Prymnesiophyceae	 Prymnesiophycidae_X	 Phaeocystales	Phaeocystales_X	 Phaeocystaceae	 Phaeocystaceae_X	Phaeocystaceae_X
9c591d9cdf4c5e64a09ecafade409f59	 Eukaryota	 Hacrobia	 Haptophyta	 Prymnesiophyceae
44c1e97cf7c48ffbdd91deb25187214b	 Eukaryota	 Hacrobia	 Haptophyta	 Pavlovophyceae	 Pavlovophycidae	 Pavlovales	Pavlovales_X	 Pavlovaceae	 Pavlova	Pavlova
e18410a66e901df4b7eeeb7ae00ad6f0	 Eukaryota	 Hacrobia	 Haptophyta	 Prymnesiophyceae	 Prymnesiophycidae_X	 Coccolithales	Coccolithales_X	 Hymenomonadaceae	 Hymenomonadaceae_X	Hymenomonadaceae_X
890cca14c4ca8ce51dae1a3ccc83d350	 Eukaryota	 Stramenopiles	 Ochrophyta	 Dictyochophyceae	 Dictyochophyceae_X	 Dictyochophyceae_XX	Dictyochophyceae_XXX	 Dictyochophyceae_XXXX	 Dictyochophyceae_XXXXX	Dictyochophyceae_XXXXX
e07ac8166219bc97418c706ef7a709b3	 Eukaryota	 Hacrobia	 Haptophyta	 Prymnesiophyceae	 Prymnesiophyceae_X	 Prymnesiophyceae_XX	Prymnesiophycidae_XXX	 Prymnesiophycidae_XXXX	 S25_1200	S25_1200
fc376042bb9fe91f81fb2c995bbd99de	 Eukaryota	 Hacrobia	 Haptophyta	 Prymnesiophyceae	 Prymnesiophycidae_X	 Prymnesiales	Prymnesiales_X	 Chrysochromulinaceae	 Chrysochromulinaceae_X	Chrysochromulinaceae_X
2cd4a4e2ccf842d4f45f5ff8aa362da1	 Eukaryota	 Stramenopiles	 Ochrophyta	 Bacillariophyta
e3aed6f45b4e02ed0375764eaca1d7de	 Eukaryota	 Hacrobia	 Haptophyta	 Prymnesiophyceae	 Prymnesiophycidae_X
0949b7b20789bbe8d034d8780cc7da17	 Eukaryota	 Stramenopiles	 Ochrophyta	 Chrysophyceae-Synurophyceae	 Chrysophyceae-Synurophyceae_X	 Chrysophyceae-Synurophyceae_XX	Chrysophyceae-Synurophyceae_XXX	 Chrysophyceae-Synurophyceae_XXXX	 Chrysophyceae-Synurophyceae_XXXXX	Chrysophyceae-Synurophyceae_XXXXX
e2153eff85876d62ec31b900698ebda2	 Eukaryota	 Stramenopiles	 Ochrophyta	 Dictyochophyceae	 Dictyochophyceae_X	 Rhizochromulinales	Rhizochromulinales_X	 Rhizochromulinaceae	 Rhizochromulina	Rhizochromulina
584655152e4b3282c43626cfe9344a01	 Eukaryota	 Archaeplastida	 Chlorophyta	 Pedinophyceae	 Pedinophyceae_X	 Pedinomonadales	Pedinomonadales_X	 Pedinomonadaceae	 Pedinomonadaceae_X	Pedinomonadaceae_X
93057ec78dd6c1244479732042625975	 Eukaryota	 Archaeplastida	 Chlorophyta	 Mamiellophyceae	 Mamiellophyceae_X	 Mamiellales	Mamiellales_X	 Mamiellaceae	 Micromonas	Micromonas
ce5ba377cd38b65c835ddc35c0b63462	 Eukaryota	 Stramenopiles	 Stramenopiles_X	 Stramenopiles_XX	 Stramenopiles_XXX	 Stramenopiles_XXXX	Stramenopiles_XXXXX	 Stramenopiles_XXXXXX	 Stramenopile_Unknown	Stramenopile
ab619ae512940c31b0e1276838ef1141	 Eukaryota	 Hacrobia	 Haptophyta	 Prymnesiophyceae	 Prymnesiophycidae_X	 Prymnesiales	Prymnesiales_X	 Prymnesiaceae	 Prymnesiaceae_X	Prymnesiaceae_X
17afad767dd3bcec1099b58331bb0fdb	 Eukaryota	 Stramenopiles	 Ochrophyta	 Pelagophyceae	 Pelagophyceae_X	 Sarcinochrysidales	SarcinochrysidaleX	 Sarcinochrysidaceae	 Sarcinochrysidaceae_X	Sarcinochrysidaceae_X
9a7fd3970d605d567183426884b6d427	 Eukaryota
cf8182438c20aec9368a5e53ca145279	 Eukaryota	 Archaeplastida
c695f6dee6c31112251af26a24eb08f9	 Eukaryota	 Hacrobia	 Haptophyta	 Prymnesiophyceae	 Prymnesiophyceae_X	 Prymnesiales	Prymnesiales_X	 Prymnesiaceae	 Prymnesium	Prymnesium
b7f5d0b09841fdf9566d770724641b54	 Eukaryota	 Hacrobia	 Haptophyta	 Prymnesiophyceae	 Prymnesiophycidae_X	 Prymnesiales	Prymnesiales_X
b9917c5704b9cb701db6947952d103c7	 Eukaryota	 Hacrobia	 Haptophyta	 Prymnesiophyceae
c234900d0fd3c1eece3962def071045a	 Eukaryota	 Hacrobia	 Haptophyta	 Prymnesiophyceae	 Prymnesiophycidae_X	 Prymnesiales	Prymnesiales_X	 Chrysochromulinaceae	 Chrysochromulinaceae_X	Chrysochromulinaceae_X
5ca575b005e36e13bae97d0cb3a5de3c	 Eukaryota	 Archaeplastida
912dc81af67c51b4650a749c180fd988	 Eukaryota	 Hacrobia	 Rappemonad	 Rappemonad_X	 Rappemonad_XX	 Rappemonad_XXX	Rappemonad_XXXX	 Rappemonad_XXXXX	 Rappemonad_XXXXXX	Rappemonad
92b3886b8118c01169949df366847d53	 Eukaryota	 Stramenopiles	 Ochrophyta	 Bacillariophyta	 Bacillariophyceae	 Cymbellales	Cymbellales_X	 Cymbellaceae
8f421616aee496a02185fb7d0966a3ee	 Eukaryota	 Hacrobia	 Haptophyta	 Prymnesiophyceae	 Prymnesiophycidae_X	 Prymnesiales	Prymnesiales_X	 Chrysochromulinaceae	 Chrysochromulinaceae_X	Chrysochromulinaceae_X
7da1fd3d5520ef28c825b8d8ce25f39d	 Eukaryota	 Archaeplastida
21b9082e8049a6bb80ba144251639dae	 Eukaryota	 Hacrobia	 Haptophyta	 Prymnesiophyceae	 Prymnesiophyceae_X	 Coccolithales	Coccolithales_X	 Calcidiscaceae	 Calcidiscus	Calcidiscus
05e7cfc54b62ed9c0f4f7acfd86b65f3	 Eukaryota	 Hacrobia	 Haptophyta	 Prymnesiophyceae	 Prymnesiophycidae_X
c2a3e985462f8177e1475191592531fc	 Eukaryota	 Hacrobia	 Haptophyta	 Prymnesiophyceae
0087e1231ea7733f8d2c5598e45a879c	 Eukaryota	 Archaeplastida
e4171064c1656492c85fc9617629b455	 Eukaryota	 Stramenopiles	 Ochrophyta	 Chrysophyceae-Synurophyceae	 Chrysophyceae-Synurophyceae_X	 Chrysophyceae-Synurophyceae_XX	Chrysophyceae-Synurophyceae_XXX	 Chrysophyceae-Synurophyceae_XXXX	 Chrysophyceae-Synurophyceae_XXXXX	Chrysophyceae-Synurophyceae_XXXXX
6f34f86aa005d27e583e8b547e9fce26	 Eukaryota	 Archaeplastida	 Chlorophyta	 Mamiellophyceae	 Mamiellophyceae_X	 Mamiellales	Mamiellales_X	 Bathycoccaceae	 Bathycoccaceae_X	Bathycoccaceae_X
74aa008ca97a78117d0e191f35979995	 Eukaryota	 Hacrobia	 Haptophyta	 Prymnesiophyceae	 Prymnesiophyceae_X	 Prymnesiales	Prymnesiales_X
1e028b5612675172176444439d6e1ed2	 Eukaryota	 Archaeplastida
a140b11c1b910a5685b2ccba36e50bb5	 Eukaryota	 Archaeplastida	 Chlorophyta	 Pedinophyceae	 Pedinophyceae_X	 Pedinomonadales	Pedinomonadales_X	 Pedinomonadaceae	 Pedinomonadaceae_X	Pedinomonadaceae_X
1fb77cbd5c6a2d9e3910304a1f5742ad	 Eukaryota	 Archaeplastida
93ac92a5998785fba664371af20d5674	 Eukaryota	 Archaeplastida	 Chlorophyta	 Pedinophyceae	 Pedinophyceae_X	 Pedinomonadales	Pedinomonadales_X	 Pedinomonadaceae	 Pedinomonadaceae_X	Pedinomonadaceae_X
93be1f90b432ccd07b72f5a7f0430b88	 Eukaryota	 Hacrobia	 Haptophyta	 Prymnesiophyceae
3e513915476fcbe3c145e763e0798002	 Eukaryota	 Archaeplastida	 Chlorophyta	 Prasinophyceae	 Prasinophyceae_X	 Pyramimonadales	Pyramimonadales_X	 Pyramimonadaceae	 Pyramimonadaceae_X	Pyramimonadaceae_X
8b40bdbe137ad77e520931ecabd81f4a	 Eukaryota	 Hacrobia	 Haptophyta	 Prymnesiophyceae	 Prymnesiophycidae_X	 Prymnesiales	Prymnesiales_X
82482de980334ef12761437eae9555bb	 Eukaryota	 Stramenopiles	 Ochrophyta	 Bacillariophyta
53b828c821c3181612d5266780515ac6	 Eukaryota	 Hacrobia	 Haptophyta	 Prymnesiophyceae	 Prymnesiophyceae_X
8c38e046e5a99f1a9c93cd31f9e7d28f	 Eukaryota	 Hacrobia	 Haptophyta	 Prymnesiophyceae	 Prymnesiophycidae_X	 Prymnesiales	Prymnesiales_X	 Chrysochromulinaceae	 Chrysochromulinaceae_X	Chrysochromulinaceae_X
1c45192f5f9d211fc406ac3b55332b27	 Eukaryota	 Archaeplastida	 Chlorophyta	 Pedinophyceae	 Pedinophyceae_X	 Pedinomonadales	Pedinomonadales_X	 Pedinomonadaceae	 Pedinomonadaceae_X	Pedinomonadaceae_X
3b960a52900dca7608e2cf8aa32d9dc9	 Eukaryota	 Stramenopiles	 Ochrophyta	 Bacillariophyta	 Bacillariophyta_X	 Surirellales	Surirellales_X	 Surirellaceae	 Psammodictyon	Psammodictyon
63165b073cdbb47f5e0f3e5603f21a81	 Eukaryota	 Hacrobia	 Haptophyta	 Prymnesiophyceae	 Prymnesiophycidae_X	 Coccolithales	Coccolithales_X	 Hymenomonadaceae	 Hymenomonadaceae_X	Hymenomonadaceae_X
11d50f7190ceebfd3dc28f07f39ddaa5	 Eukaryota	 Hacrobia	 Haptophyta	 Prymnesiophyceae	 Prymnesiophycidae_X
77324bd8526e8452e85b5bf1cf230481	 Eukaryota	 Archaeplastida	 Chlorophyta	 Prasinophyceae	 Prasinophyceae_X	 Pyramimonadales	Pyramimonadales_X	 Pyramimonadaceae	 Cymbomonas	Cymbomonas
8b02bcb9d4fd7772032f87500666433e	 Eukaryota	 Stramenopiles	 Ochrophyta	 Bacillariophyta	 Fragilariophyceae	 Thalassionematales	Thalassionematales_X	 Thalassionemataceae	 Thalassionema	Thalassionema
19d5f35ec73158b10aece9e4ccef62eb	 Eukaryota	 Hacrobia	 Haptophyta	 Prymnesiophyceae	 Prymnesiophycidae_X	 Coccolithales	Coccolithales_X	 Hymenomonadaceae	 Hymenomonadaceae_X	Hymenomonadaceae_X
1b75ec547da1e716fdb9fe5c01506d17	 Eukaryota	 Stramenopiles	 Ochrophyta	 Pelagophyceae	 Pelagophyceae_X	 Pelagomonadales	Pelagomonadales_X	 Pelagomonadaceae	 Pelagomonadaceae_X	Pelagomonadaceae_X
772d40f203b00496cb52b8adc989324b	 Eukaryota	 Archaeplastida	 Chlorophyta	 Pedinophyceae	 Pedinophyceae_X	 Pedinomonadales	Pedinomonadales_X	 Pedinomonadaceae	 Pedinomonadaceae_X	Pedinomonadaceae_X
21611681d115ddd0e3b7d074d2f12307	 Eukaryota	 Hacrobia	 Haptophyta	 Prymnesiophyceae
163d5f2161df3314c96e93c5dbb4b613	 Eukaryota	 Hacrobia	 Haptophyta	 Prymnesiophyceae
09878e3d29399e26823abda998067286	 Eukaryota	 Hacrobia	 Haptophyta	 Prymnesiophyceae
e3e3f5caf34e91eb161f937b386c1cc9	 Eukaryota	 Archaeplastida
d40146600b9f85dee1ba32c388277f00	 Eukaryota	 Stramenopiles	 Ochrophyta	 Dictyochophyceae	 Dictyochophyceae_X	 Dictyochophyceae_XX	Dictyochophyceae_XXX	 Dictyochophyceae_XXXX	 Dictyochophyceae_XXXXX	Dictyochophyceae_XXXXX
e43549162d95b263e00ce52bbf57359e	 Eukaryota	 Stramenopiles	 Ochrophyta	 Pelagophyceae	 Pelagophyceae_X	 Sarcinochrysidales	SarcinochrysidaleX	 Sarcinochrysidaceae	 Sarcinochrysidaceae_X	Sarcinochrysidaceae_X
f78e14b346a9535c732e55b3579e18c2	 Eukaryota	 Hacrobia	 Haptophyta	 Prymnesiophyceae	 Prymnesiophycidae_X
69f200867598d2a84a368ccc2a32c290	 Eukaryota	 Stramenopiles	 Ochrophyta	 Dictyochophyceae	 Dictyochophyceae_X
dba498c87c5c704ad19a95e41cbaac18	 Eukaryota	 Hacrobia	 Haptophyta	 Prymnesiophyceae	 Prymnesiophyceae_X	 Prymnesiophyceae_XX	Prymnesiophyceae_XXX	 Prymnesiophyceae_XXXX	 Prymnesiophyceae_XXXXX	Prymnesiophyceae_XXXXX
cc1295ca13653aeeb052a57eac9f0bf3	 Eukaryota	 Hacrobia	 Haptophyta	 Prymnesiophyceae	 Prymnesiophyceae_X
a6a0d6dee3a1d22fc206c016abc970cf	 Eukaryota	 Archaeplastida	 Streptophyta	 Embryophyceae
60616b1de2af596e086eedf2ff1676a3	 Eukaryota	 Hacrobia	 Haptophyta	 Prymnesiophyceae	 Prymnesiophycidae_X	 Prymnesiales	Prymnesiales_X
e8c8a1127a738711b348db818c721bed	 Eukaryota	 Hacrobia	 Rappemonad	 Rappemonad_X	 Rappemonad_XX	 Rappemonad_XXX	Rappemonad_XXXX	 Rappemonad_XXXXX	 Rappemonad_XXXXXX	Rappemonad
c4102ac67247e7b06bb5f955a6b6ab48	 Eukaryota	 Stramenopiles	 Ochrophyta	 Pelagophyceae	 Pelagophyceae_X	 Sarcinochrysidales	SarcinochrysidaleX	 Sarcinochrysidaceae	 Sarcinochrysidaceae_X	Sarcinochrysidaceae_X
f470bbf2f730cfa3403fd4622a994501	 Eukaryota	 Archaeplastida	 Chlorophyta	 Prasinophyceae	 Prasinophyceae_X	 Prasino-clade-9	Prasino-clade-9_X	 Prasino-clade-9_XX	 Prasino-clade-9_XXX	Prasino-clade-9_XXX
3441b17a0225ade1cf15e7da0f1cdf18	 Eukaryota	 Hacrobia	 Rappemonad	 Rappemonad_X	 Rappemonad_XX	 Rappemonad_XXX	Rappemonad_XXXX	 Rappemonad_XXXXX	 Rappemonad_XXXXXX	Rappemonad
a61c7b5b3743e14adec680b9fab0c29b	 Eukaryota	 Stramenopiles	 Ochrophyta	 Dictyochophyceae	 Dictyochophyceae_X	 Florenciellales	Florenciellales_X	 Florenciellales_XX	 Florenciellales_XXX	Florenciellales_XXX
9322e2a316dc758f6141b297c4f2aab1	 Eukaryota	 Hacrobia	 Haptophyta	 Prymnesiophyceae	 Prymnesiophycidae_X	 Prymnesiales	Prymnesiales_X
02598367c3084826db395f6a326aa50f	 Eukaryota	 Hacrobia	 Haptophyta	 Prymnesiophyceae	 Prymnesiophycidae_X	 Prymnesiales	Prymnesiales_X
87e3ca5324599f16bd2bb9a31f524f3b	 Eukaryota
c7251059988c77057b502ce0090601a8	 Eukaryota	 Archaeplastida
f33f89686b49ea2cba0da457c06f4a36	 Eukaryota	 Hacrobia	 Haptophyta	 Prymnesiophyceae	 Prymnesiophyceae_X	 Prymnesiophyceae_XX	Prymnesiophyceae_XXX	 Prymnesiophyceae_XXXX	 Prymnesiophyceae_XXXXX	Prymnesiophyceae_XXXXX
ee880c2e0853bb566f848dc25024ea3b	 Eukaryota	 Hacrobia	 Haptophyta	 Prymnesiophyceae	 Prymnesiophycidae_X	 Prymnesiales	Prymnesiales_X
eb4b0e13ac244921534e60036640e0f7	 Eukaryota	 Hacrobia	 Haptophyta	 Prymnesiophyceae	 Prymnesiophycidae_X	 Prymnesiales	Prymnesiales_X	 Chrysochromulinaceae	 Chrysochromulinaceae_X	Chrysochromulinaceae_X
804c97f3b7c19fd8f96daeb7abe14ae0	 Eukaryota	 Stramenopiles	 Ochrophyta	 Bacillariophyta	 Coscinodiscophyceae	 Chaetocerotales
ffe068172b4cd536dd46ae3514d29599	 Eukaryota	 Hacrobia	 Haptophyta	 Prymnesiophyceae	 Prymnesiophycidae_X
4cee53a03555c8bc40a1655f94c616c2	 Eukaryota	 Stramenopiles	 Ochrophyta	 Bacillariophyta	 Coscinodiscophyceae	 Chaetocerotales
6506157730ecf4cfd60efa655c8677a4	 Eukaryota	 Hacrobia	 Haptophyta	 Prymnesiophyceae
867fd69f1359e403cb82b29ce02ec096	 Eukaryota	 Archaeplastida	 Streptophyta	 Embryophyceae
b12190bf7dd947f1260d114110be989e	 Eukaryota	 Hacrobia	 Haptophyta	 Prymnesiophyceae	 Prymnesiophycidae_X	 Prymnesiales	Prymnesiales_X
7531f251f3cc3c07bede8171dddc5c4b	 Eukaryota	 Hacrobia	 Haptophyta	 Prymnesiophyceae	 Prymnesiophyceae_X
77a5af0ad557e65e8f539e629220b7f0	 Eukaryota	 Hacrobia	 Haptophyta	 Prymnesiophyceae	 Prymnesiophyceae_X	 Prymnesiophyceae_XX	Prymnesiophyceae_XXX	 Prymnesiophyceae_XXXX	 Prymnesiophyceae_XXXXX	Prymnesiophyceae_XXXXX
0a878bd0050198492ee8de37cbeae0ed	 Eukaryota	 Archaeplastida
7ab8b3cc86b60bcb735af4a964b7686d	 Eukaryota	 Archaeplastida	 Chlorophyta	 Pedinophyceae	 Pedinophyceae_X	 Pedinomonadales	Pedinomonadales_X	 Pedinomonadaceae	 Pedinomonadaceae_X	Pedinomonadaceae_X
89d9e55a1669736b51f9a4a881b34329	 Eukaryota	 Archaeplastida
c4525795407ae90015173960698f0b25	 Eukaryota	 Archaeplastida
d86c5566c40116360f1abd1aaf631828	 Eukaryota	 Hacrobia	 Haptophyta	 Prymnesiophyceae	 Prymnesiophyceae_X	 Prymnesiophyceae_XX	Prymnesiophycidae_XXX	 Prymnesiophycidae_XXXX	 S25_1200	S25_1200
20f7de4909ed0c22f933c5e82cf56948	 Eukaryota	 Hacrobia	 Haptophyta	 Prymnesiophyceae	 Prymnesiophyceae_X	 Prymnesiales	Prymnesiales_X	 Chrysochromulinaceae	 Chrysochromulina	Chrysochromulina
1daef0db6e35f93605130402191f0804	 Eukaryota	 Hacrobia	 Haptophyta	 Prymnesiophyceae	 Prymnesiophyceae_X	 Prymnesiales	Prymnesiales_X	 Prymnesiaceae	 Prymnesium	Prymnesium
31e1fa8130ca196a79270b1abce8b864	 Eukaryota	 Hacrobia	 Haptophyta	 Prymnesiophyceae	 Prymnesiophycidae_X	 Prymnesiales	Prymnesiales_X	 Chrysochromulinaceae	 Chrysochromulinaceae_X	Chrysochromulinaceae_X
bae0a85cae7f80027a7cf505191a84d0	 Eukaryota	 Stramenopiles	 Ochrophyta	 Pelagophyceae	 Pelagophyceae_X	 Sarcinochrysidales	SarcinochrysidaleX	 Sarcinochrysidaceae	 Sarcinochrysidaceae_X	Sarcinochrysidaceae_X
43d1fd957d6f9d3d189b720187ac4cb6	 Eukaryota	 Hacrobia	 Cryptophyta	 Cryptophyceae	 Cryptophyceae_X	 Pyrenomonadales	Pyrenomonadales_X	 Pyrenomonadales_XX	 Pyrenomonadales_XXX	Pyrenomonadales_XXX
f3172a71dc9386531ad204df9f4520c5	 Eukaryota	 Hacrobia	 Haptophyta	 Prymnesiophyceae	 Prymnesiophycidae_X	 Prymnesiales	Prymnesiales_X
11b1c181f819d3b8af4a738c484a26ec	 Eukaryota	 Archaeplastida
3e406f73f6c0ac0ea3f0300c734d75cc	 Eukaryota	 Stramenopiles	 Ochrophyta	 Bacillariophyta	 Bacillariophyceae	 Bacillariales	Bacillariales_X	 Bacillariaceae	 Bacillariaceae_X	Bacillariaceae_X
4bc6c61811e5c89a1b94dfcbcd5cfbd5	 Eukaryota	 Archaeplastida
dc285066381412bc044155eb1347ae0a	 Eukaryota	 Stramenopiles	 Ochrophyta	 Chrysophyceae-Synurophyceae	 Chrysophyceae-Synurophyceae_X	 Chrysophyceae-Synurophyceae_XX	Chrysophyceae-Synurophyceae_XXX	 Chrysophyceae-Synurophyceae_XXXX	 Chrysophyceae-Synurophyceae_XXXXX	Chrysophyceae-Synurophyceae_XXXXX
ebcee2b00f4e6a77aed3731382595dcc	 Eukaryota	 Archaeplastida	 Chlorophyta	 Prasinophyceae	 Prasinophyceae_X	 Prasino-clade-9	Prasino-clade-9_X	 Prasino-clade-9_XX	 Prasino-clade-9_XXX	Prasino-clade-9_XXX
73d99a89c0bc3896900e2e5eebf6a5c6	 Eukaryota	 Hacrobia	 Haptophyta	 Prymnesiophyceae
f8fa80522293bc13456ac758267c7e3b	 Eukaryota	 Stramenopiles	 Ochrophyta	 Chrysophyceae-Synurophyceae	 Chrysophyceae-Synurophyceae_X	 Chrysophyceae-Synurophyceae_XX	Chrysophyceae-Synurophyceae_XXX	 Chrysophyceae-Synurophyceae_XXXX	 Chrysophyceae-Synurophyceae_XXXXX	Chrysophyceae-Synurophyceae_XXXXX
a7699e0d972f98c9108cc737412d0189	 Eukaryota	 Stramenopiles	 Ochrophyta	 Dictyochophyceae	 Dictyochophyceae_X	 Dictyochophyceae_XX	Dictyochophyceae_XXX	 Dictyochophyceae_XXXX	 Dictyochophyceae_XXXXX	Dictyochophyceae_XXXXX
251af966b130d026f11e166d448dc9b8	 Eukaryota	 Hacrobia	 Haptophyta	 Prymnesiophyceae	 Prymnesiophycidae_X	 Prymnesiophycidae_XX	Prymnesiophycidae_XXX	 Prymnesiophycidae_XXXX	 Prymnesiophycidae_XXXXX	Prymnesiophycidae_XXXXX
0583dc84616f1c3d411701e68dba9a4a	 Eukaryota	 Hacrobia	 Haptophyta	 Prymnesiophyceae	 Prymnesiophycidae_X
acd538cb1339dff48aa4655ee5193db9	 Eukaryota	 Hacrobia	 Haptophyta	 Prymnesiophyceae	 Prymnesiophycidae_X
1028cf35563851eab62fac5b2b741f9c	 Eukaryota	 Stramenopiles	 Ochrophyta	 Chrysophyceae-Synurophyceae	 Chrysophyceae-Synurophyceae_X	 Chrysophyceae-Synurophyceae_XX	Chrysophyceae-Synurophyceae_XXX	 Chrysophyceae-Synurophyceae_XXXX	 Chrysophyceae-Synurophyceae_XXXXX	Chrysophyceae-Synurophyceae_XXXXX
f30b4e209583e6436398e50b53cda1b3	 Eukaryota	 Hacrobia	 Haptophyta	 Prymnesiophyceae	 Prymnesiophyceae_X
895894bc05912da190f2f7571314d2fc	 Eukaryota	 Archaeplastida	 Chlorophyta	 Prasinophyceae	 Prasinophyceae_X	 Pseudoscourfieldiales-clade-6	Pseudoscourfieldiales_X	 Pycnococcaceae	 Prasinoderma_clade-6	Prasinoderma
4d5f8ad19dd9a7dc82b010e03397bbdf	 Eukaryota	 Hacrobia	 Haptophyta	 Prymnesiophyceae	 Prymnesiophycidae_X
826ce3fcc0aecc84c1e5208e161b933c	 Eukaryota	 Hacrobia	 Haptophyta	 Prymnesiophyceae	 Prymnesiophyceae_X
9e7fe26c347c754dfb80f8db8ed8417e	 Eukaryota	 Archaeplastida	 Streptophyta	 Embryophyceae
975c31a6ed8cb8d3e5ecb74b37c77d55	 Eukaryota	 Hacrobia	 Haptophyta	 Prymnesiophyceae	 Prymnesiophycidae_X
45d2ab401c77322456fc8a6d908812b0	 Eukaryota	 Alveolata	 Dinophyta	 Dinophyceae	 Dinophyceae_X	 Brachidiniales	Brachidiniales_X	 Brachidiniaceae	 Karlodinium	Karlodinium
008117e2f706ed6b11982bf3b49016b3	 Eukaryota
fdbdf1491826f0498920bb6b090e5b37	 Eukaryota	 Archaeplastida	 Chlorophyta	 Prasinophyceae	 Prasinophyceae_X	 Prasino-clade-9	Prasino-clade-9_X	 Prasino-clade-9_XX	 Prasino-clade-9_XXX	Prasino-clade-9_XXX
d88833d3b47a45113c211720c48f397a	 Eukaryota	 Hacrobia	 Haptophyta	 Prymnesiophyceae	 Prymnesiophycidae_X	 Phaeocystales	Phaeocystales_X	 Phaeocystaceae	 Phaeocystaceae_X	Phaeocystaceae_X
1a530ebac6f1c2bab71669f4a9de2297	 Eukaryota	 Stramenopiles	 Ochrophyta	 Bacillariophyta	 Fragilariophyceae	 Thalassionematales	Thalassionematales_X	 Thalassionemataceae	 Thalassionemataceae_X	Thalassionemataceae_X
25f20ea8501caab4b784dddd78ca7451	 Eukaryota	 Archaeplastida	 Chlorophyta	 Mamiellophyceae	 Mamiellophyceae_X	 Dolichomastigales	Dolichomastigales_X	 Dolichomastigaceae	 Dolichomastix	Dolichomastix
8dd3f3dfd6f6399e761e084af845ef0f	 Eukaryota	 Hacrobia	 Haptophyta	 Prymnesiophyceae	 Prymnesiophycidae_X	 Phaeocystales	Phaeocystales_X	 Phaeocystaceae	 Phaeocystaceae_X	Phaeocystaceae_X
7b7ac97e79163d1b8fa5aef80f099bc8	 Eukaryota	 Archaeplastida	 Chlorophyta	 Prasinococcales	 Prasinococcales_X	 Prasinococcales_XX	Prasinococcales_XXX	 Prasinococcales_XXXX	 Prasinococcales_XXXXX	Prasinococcales_XXXXX
b57a9a62c5f105d3d86f12acf6b11943	 Eukaryota	 Hacrobia	 Haptophyta	 Prymnesiophyceae
6b2b53fa66998d357ed9052d33f212d4	 Eukaryota	 Stramenopiles	 Ochrophyta	 Bacillariophyta	 Coscinodiscophyceae	 Rhizosoleniales	Rhizosoleniales_X	 Rhizosoleniaceae	 Rhizosolenia	Rhizosolenia
12470788bf1ada9fcf5ed7dd6f0b6b84	 Eukaryota	 Stramenopiles	 Ochrophyta	 Bacillariophyta
be8d4823e69880b075b703f382bfde8d	 Eukaryota	 Hacrobia	 Haptophyta	 Prymnesiophyceae	 Prymnesiophycidae_X	 Prymnesiales	Prymnesiales_X
a78abf60a6edcc0dd6eb8861c03e20f5	 Eukaryota	 Stramenopiles	 Ochrophyta	 Dictyochophyceae	 Dictyochophyceae_X	 Florenciellales	Florenciellales_X	 Florenciellales_XX	 Florenciellales_XXX	Florenciellales_XXX
e06c983aa4e830ea5d4ab1d8d93aa4a4	 Eukaryota	 Hacrobia	 Rappemonad	 Rappemonad_X	 Rappemonad_XX	 Rappemonad_XXX	Rappemonad_XXXX	 Rappemonad_XXXXX	 Rappemonad_XXXXXX	Rappemonad
a44be68a023cfd5db2f1a1aa5e616c8d	 Eukaryota	 Stramenopiles	 Ochrophyta	 Bacillariophyta	 Bacillariophyceae	 Cymbellales	Cymbellales_X	 Cymbellaceae
17e233a591437a8f0a8f3731bf9deade	 Eukaryota	 Archaeplastida
2a7fc66495a199799c4d2c08ed747f3c	 Eukaryota	 Stramenopiles	 Ochrophyta
3a97c2bac66de49c5643a08c26b17f8c	 Eukaryota	 Archaeplastida	 Chlorophyta	 Prasinophyceae	 Prasinophyceae_X	 Prasino-clade-7	Prasino-clade-7_X	 Prasino-clade-7C	 Prasino-clade-7C_X	Prasino-clade-7C_X
b934de0645a0739e567b237205f01f71	 Eukaryota	 Archaeplastida
13ef1fbb51f7cffe67024178e5ca3845	 Eukaryota	 Stramenopiles	 Ochrophyta	 Bacillariophyta	 Coscinodiscophyceae
4458ad576354efde35364ac5e3a50605	 Eukaryota	 Hacrobia	 Haptophyta	 Prymnesiophyceae
14911c835878ec05629ae4e16b57223f	 Eukaryota	 Hacrobia	 Haptophyta	 Prymnesiophyceae
93b6b43a49e4c1ebc897331dad7e1a15	 Eukaryota	 Stramenopiles	 Ochrophyta
40ae2df40538b8b1441f47405682c701	 Eukaryota	 Hacrobia	 Haptophyta	 Prymnesiophyceae	 Prymnesiophyceae_X	 Prymnesiales	Prymnesiales_X	 Chrysochromulinaceae	 Chrysochromulina	Chrysochromulina
6688b59b7240891485fbcc6559ec377f	 Eukaryota	 Stramenopiles	 Ochrophyta	 Dictyochophyceae	 Dictyochophyceae_X	 Dictyochophyceae_XX	Dictyochophyceae_XXX	 Dictyochophyceae_XXXX	 Dictyochophyceae_XXXXX	Dictyochophyceae_XXXXX
33f3ef66e098b363a75196415ca00869	 Eukaryota	 Hacrobia	 Haptophyta	 Prymnesiophyceae
6c076f524a78141235aa4e7bc25fec98	 Eukaryota	 Archaeplastida	 Chlorophyta	 Pedinophyceae	 Pedinophyceae_X	 Pedinomonadales	Pedinomonadales_X	 Pedinomonadaceae	 Pedinomonadaceae_X	Pedinomonadaceae_X
4ab140d3536daf1139878a8786c938af	 Eukaryota	 Hacrobia	 Haptophyta	 Prymnesiophyceae	 Prymnesiophycidae_X	 Prymnesiales	Prymnesiales_X	 Chrysochromulinaceae	 Chrysochromulinaceae_X	Chrysochromulinaceae_X
7dbb66df5504b444bda73d47da133b32	 Eukaryota	 Hacrobia	 Haptophyta	 Prymnesiophyceae
5d0b17a546f2dc0d1b69da10defa2b6e	 Eukaryota	 Hacrobia	 Haptophyta	 Prymnesiophyceae
49032ff78d963f995e56bac3b2589c3b	 Eukaryota	 Hacrobia	 Haptophyta	 Prymnesiophyceae
5ec017d20369a603c81e995b284a2f35	 Eukaryota	 Hacrobia	 Haptophyta	 Prymnesiophyceae	 Prymnesiophycidae_X	 Coccolithales	Coccolithales_X	 Hymenomonadaceae	 Hymenomonadaceae_X	Hymenomonadaceae_X
4da5abc7f53487c96b8b2cbd96d415da	 Eukaryota	 Hacrobia	 Haptophyta	 Prymnesiophyceae	 Prymnesiophycidae_X	 Prymnesiales	Prymnesiales_X
7ce35d9968dfc2cbba74c0537aedb524	 Eukaryota	 Stramenopiles	 Ochrophyta	 Dictyochophyceae	 Dictyochophyceae_X	 Rhizochromulinales	Rhizochromulinales_X	 Rhizochromulinaceae	 Rhizochromulina	Rhizochromulina
14def41f04d412ca9dcacd18ddde2120	 Eukaryota	 Stramenopiles	 Ochrophyta
ab530f8a976613c053548e4b4564f651	 Eukaryota	 Archaeplastida
75ec023905c208c0eec749653de3fd50	 Eukaryota	 Stramenopiles	 Ochrophyta	 Bacillariophyta
c2474a993c57d60f51014e740228d270	 Eukaryota	 Hacrobia	 Haptophyta	 Prymnesiophyceae	 Prymnesiophycidae_X	 Prymnesiales	Prymnesiales_X
df93efaefbc55d925349b93c788fa93e	 Eukaryota	 Hacrobia	 Haptophyta	 Prymnesiophyceae	 Prymnesiophyceae_X	 Isochrysidales	Isochrysidales_X	 Isochrysidaceae
e750b229a7c549d22f1af5da98d97f7f	 Eukaryota	 Hacrobia	 Haptophyta	 Prymnesiophyceae	 Prymnesiophycidae_X	 Prymnesiales	Prymnesiales_X
89750038b761b206b552566b36d198a0	 Eukaryota	 Archaeplastida	 Chlorophyta	 Prasinophyceae	 Prasinophyceae_X	 Prasino-clade-7	Prasino-clade-7_X	 Prasino-clade-7_X-B	 Prasino-clade-7_X-B2	Prasino-clade-7_X-B2
eefccefd1023ceb0a7b9d650911ae70f	 Eukaryota	 Archaeplastida	 Chlorophyta	 Pedinophyceae	 Pedinophyceae_X	 Pedinomonadales	Pedinomonadales_X	 Pedinomonadaceae	 Pedinomonadaceae_X	Pedinomonadaceae_X
a1cced769460bf09c11a9b67554c5d70	 Eukaryota	 Hacrobia	 Haptophyta	 Prymnesiophyceae
50589e01add70ef201146e11a1ab41a4	 Eukaryota	 Stramenopiles	 Ochrophyta	 Dictyochophyceae	 Dictyochophyceae_X	 Rhizochromulinales	Rhizochromulinales_X	 Rhizochromulinaceae	 Rhizochromulina	Rhizochromulina
5285c2b4d027cbb73a7efa8ad28b9c0d	 Eukaryota	 Hacrobia	 Haptophyta	 Prymnesiophyceae	 Prymnesiophyceae_X	 Prymnesiales	Prymnesiales_X	 Chrysochromulinaceae	 Chrysochromulina	Chrysochromulina
a90268a55b92cdf24a7be460a63b6f60	 Eukaryota	 Hacrobia	 Haptophyta	 Prymnesiophyceae	 Prymnesiophyceae_X	 Prymnesiophyceae_XX	Prymnesiophyceae_XXX	 Braarudosphaeraceae	 Braarudosphaera	Braarudosphaera
7f907d70c0ae2e57bc8b6be709c575c2	 Eukaryota	 Hacrobia	 Haptophyta	 Prymnesiophyceae	 Prymnesiophycidae_X	 Prymnesiophycidae_XX	Prymnesiophycidae_XXX	 Prymnesiophycidae_XXXX	 Prymnesiophycidae_XXXXX	Prymnesiophycidae_XXXXX
f4de6dcb3792185f216aedb117a7508f	 Eukaryota	 Stramenopiles	 Ochrophyta	 Dictyochophyceae	 Dictyochophyceae_X
964ff1c2a63562dafb65818898ae7fca	 Eukaryota	 Stramenopiles	 Ochrophyta	 Dictyochophyceae	 Dictyochophyceae_X	 Florenciellales	Florenciellales_X	 Florenciellales_XX	 Florenciellales_XXX	Florenciellales_XXX
312536949958e13c26834038b5e92a2a	 Eukaryota	 Hacrobia	 Haptophyta	 Prymnesiophyceae	 Prymnesiophycidae_X	 Prymnesiales	Prymnesiales_X	 Chrysochromulinaceae	 Chrysochromulinaceae_X	Chrysochromulinaceae_X
3be38346b3217299c96602c5eeff08ad	 Eukaryota	 Archaeplastida
5e851a7f1e53a1a01b59a59d82c324e4	 Eukaryota	 Stramenopiles	 Ochrophyta	 Chrysophyceae	 Chrysophyceae_X	 Chromulinales	Chromulinales_X	 Chromulinaceae	 Ochromonas	Ochromonas
3087c796c3e54e05b0dcbf1db2303bdd	 Eukaryota	 Hacrobia	 Haptophyta	 Prymnesiophyceae	 Prymnesiophyceae_X	 Prymnesiophyceae_XX	Prymnesiophyceae_XXX
9a54a146555f1daa4aa197c22f2a4cdd	 Eukaryota	 Hacrobia	 Haptophyta	 Prymnesiophyceae
b8a41f8c1a4c3c64627b23cc4283cab3	 Eukaryota	 Stramenopiles	 Ochrophyta	 Pelagophyceae	 Pelagophyceae_X	 Sarcinochrysidales	SarcinochrysidaleX	 Sarcinochrysidaceae	 Sarcinochrysidaceae_X	Sarcinochrysidaceae_X
687fb71c4977cd355f7ba81ef2e33ad1	 Eukaryota	 Hacrobia	 Rappemonad	 Rappemonad_X	 Rappemonad_XX	 Rappemonad_XXX	Rappemonad_XXXX	 Rappemonad_XXXXX	 Rappemonad_XXXXXX	Rappemonad
4703f765f0b3a593b297ff41e83b5459	 Eukaryota	 Stramenopiles	 Ochrophyta	 Bacillariophyta	 Bacillariophyceae
77c8fa74e5425b53b434901548829b0f	 Eukaryota	 Archaeplastida
a6ffc9f0cf360e59bff6523a8e08dc28	 Eukaryota	 Stramenopiles	 Ochrophyta	 Bacillariophyta	 Bacillariophyceae
766b4f77fadf667555e0448d80d801f5	 Eukaryota	 Archaeplastida	 Chlorophyta	 Prasinococcales	 Prasinococcales_X	 Prasinococcales_XX	Prasinococcales_XXX	 Prasinococcales_XXXX	 Prasinococcales_XXXXX	Prasinococcales_XXXXX
2f665018365a37f3ca55c4dbcdf438d4	 Eukaryota	 Archaeplastida	 Chlorophyta	 Pedinophyceae	 Pedinophyceae_X	 Pedinomonadales	Pedinomonadales_X	 Pedinomonadaceae	 Pedinomonadaceae_X	Pedinomonadaceae_X
b6c61839797f66ea945fef6a2631ba0d	 Eukaryota	 Archaeplastida	 Chlorophyta	 Pedinophyceae	 Pedinophyceae_X	 Pedinomonadales	Pedinomonadales_X	 Pedinomonadaceae	 Pedinomonadaceae_X	Pedinomonadaceae_X
4d79279c54dc584c8d0257ebb739fc37	 Eukaryota	 Stramenopiles	 Ochrophyta	 Chrysophyceae-Synurophyceae	 Chrysophyceae-Synurophyceae_X	 Chrysophyceae-Synurophyceae_XX	Chrysophyceae-Synurophyceae_XXX	 Chrysophyceae-Synurophyceae_XXXX	 Chrysophyceae-Synurophyceae_XXXXX	Chrysophyceae-Synurophyceae_XXXXX
1738a443fefd056a2064f25f5d0b4b28	 Eukaryota	 Hacrobia	 Cryptophyta	 Cryptophyceae	 Cryptophyceae_X	 Pyrenomonadales	Pyrenomonadales_X
693e3d8369440db612353359a6a840a5	 Eukaryota	 Stramenopiles	 Ochrophyta	 Dictyochophyceae	 Dictyochophyceae_X	 Pedinellales	Pedinellales_X	 Pedinellales_XX	 Pedinellales_XXX	Pedinellales_XXX
0386add17ac52cd56da88df802c86d75	 Eukaryota	 Stramenopiles	 Ochrophyta
571e435526613bb89b4377e3e9a92b9b	 Eukaryota	 Hacrobia	 Haptophyta	 Prymnesiophyceae	 Prymnesiophycidae_X	 Prymnesiales	Prymnesiales_X
34765bff257ad8fdd4e7893ba7e5c0b0	 Eukaryota	 Hacrobia	 Haptophyta	 Prymnesiophyceae	 Prymnesiophycidae_X	 Prymnesiales	Prymnesiales_X	 Chrysochromulinaceae	 Chrysochromulinaceae_X	Chrysochromulinaceae_X
b96d5363834c0c542a8dba592982425c	 Eukaryota	 Hacrobia	 Haptophyta	 Prymnesiophyceae	 Prymnesiophycidae_X	 Prymnesiales	Prymnesiales_X	 Prymnesiaceae	 Prymnesiaceae_X	Prymnesiaceae_X
d5f55dc1725372f4948ff846826d4e22	 Eukaryota	 Hacrobia	 Haptophyta	 Prymnesiophyceae
b4a895a833ab619cfdc8d38bd0ac2f33	 Eukaryota	 Stramenopiles	 Ochrophyta	 Bacillariophyta
5fc5f97810bf612b497125a7274eb9f3	 Eukaryota	 Hacrobia	 Haptophyta	 Prymnesiophyceae	 Prymnesiophycidae_X	 Prymnesiales	Prymnesiales_X	 Prymnesiaceae	 Prymnesiaceae_X	Prymnesiaceae_X
69fd14af95cafe3648a6da9b08cf792c	 Eukaryota	 Archaeplastida	 Chlorophyta
7433ceddd2f16c55de55a409b3026f10	 Eukaryota	 Archaeplastida	 Chlorophyta
1e5a800989f68d49fffc4805ce128ace	 Eukaryota	 Stramenopiles	 Ochrophyta	 Pelagophyceae	 Pelagophyceae_X	 Sarcinochrysidales	SarcinochrysidaleX	 Sarcinochrysidaceae	 Sarcinochrysidaceae_X	Sarcinochrysidaceae_X
0b59e44e926cc2c38641a3c9eb92b9e8	 Eukaryota	 Hacrobia	 Haptophyta	 Prymnesiophyceae	 Prymnesiophycidae_X	 Phaeocystales	Phaeocystales_X	 Phaeocystaceae	 Phaeocystaceae_X	Phaeocystaceae_X
5d9c8af2f6a20888621ccca9ee9d21c8	 Eukaryota	 Hacrobia	 Haptophyta	 Prymnesiophyceae	 Prymnesiophycidae_X	 Prymnesiales	Prymnesiales_X	 Chrysochromulinaceae	 Chrysochromulinaceae_X	Chrysochromulinaceae_X
798b53de4779d7cf1d35a46fe2128be3	 Eukaryota	 Hacrobia	 Haptophyta	 Prymnesiophyceae	 Prymnesiophycidae_X	 Prymnesiales	Prymnesiales_X	 Chrysochromulinaceae	 Chrysochromulinaceae_X	Chrysochromulinaceae_X
e1fdcf5b9f5e570b8e0815ddad2c3628	 Eukaryota	 Hacrobia	 Haptophyta	 Prymnesiophyceae	 Prymnesiophycidae_X	 Phaeocystales	Phaeocystales_X	 Phaeocystaceae	 Phaeocystaceae_X	Phaeocystaceae_X
4c04394760c123dfe931ab156252a69d	 Eukaryota	 Hacrobia	 Haptophyta	 Prymnesiophyceae
d899c2dde2dca9bb37b1a7b93617d38d	 Eukaryota	 Hacrobia	 Haptophyta	 Prymnesiophyceae
84ee3d5366b0135a28b4b9ee551ae833	 Eukaryota	 Hacrobia	 Haptophyta	 Prymnesiophyceae	 Prymnesiophyceae_X	 Prymnesiales	Prymnesiales_X	 Chrysochromulinaceae	 Chrysochromulina	Chrysochromulina
f8d401306c777c013444dca0f62785ba	 Eukaryota	 Stramenopiles	 Ochrophyta	 Pelagophyceae	 Pelagophyceae_X	 Sarcinochrysidales	SarcinochrysidaleX	 Sarcinochrysidaceae	 Sarcinochrysidaceae_X	Sarcinochrysidaceae_X
de42acffefafacc4039eb8b9f5b7c07d	 Eukaryota	 Hacrobia	 Haptophyta	 Prymnesiophyceae	 Prymnesiophycidae_X	 Prymnesiales	Prymnesiales_X
4e452ccc7450c35574e14b55f39ce0df	 Eukaryota	 Hacrobia	 Haptophyta	 Prymnesiophyceae	 Prymnesiophycidae_X	 Prymnesiales	Prymnesiales_X
a8651618911e5bb5d1066e5abca8f322	 Eukaryota	 Archaeplastida	 Chlorophyta	 Mamiellophyceae	 Mamiellophyceae_X	 Mamiellales	Mamiellales_X	 Bathycoccaceae	 Bathycoccus	Bathycoccus
5960b7c886da780e7924b2f424a8687b	 Eukaryota	 Stramenopiles	 Ochrophyta	 Chrysophyceae-Synurophyceae	 Chrysophyceae-Synurophyceae_X	 Chrysophyceae-Synurophyceae_XX	Chrysophyceae-Synurophyceae_XXX	 Chrysophyceae-Synurophyceae_XXXX	 Chrysophyceae-Synurophyceae_XXXXX	Chrysophyceae-Synurophyceae_XXXXX
7c97d92ae919c0ccff411cb5b5e62121	 Eukaryota	 Hacrobia	 Haptophyta	 Prymnesiophyceae	 Prymnesiophycidae_X	 Prymnesiales	Prymnesiales_X
d6376be160425bd623e723894b9165de	 Eukaryota	 Stramenopiles	 Ochrophyta	 Bacillariophyta
ecc6c7c108363e178e7234422d73bca7	 Eukaryota	 Hacrobia	 Haptophyta	 Prymnesiophyceae	 Prymnesiophycidae_X	 Prymnesiales	Prymnesiales_X	 Chrysochromulinaceae	 Chrysochromulinaceae_X	Chrysochromulinaceae_X
dd4f77cf004b652cd0249d3cca86060c	 Eukaryota	 Hacrobia	 Haptophyta	 Prymnesiophyceae	 Prymnesiophycidae_X	 Prymnesiales	Prymnesiales_X	 Chrysochromulinaceae	 Chrysochromulinaceae_X	Chrysochromulinaceae_X
dd965902d6e2c874cf6660e660b8d983	 Eukaryota	 Alveolata	 Dinophyta	 Dinophyceae	 Dinophyceae_X	 Brachidiniales	Brachidiniales_X	 Brachidiniaceae	 Karenia	Karenia
67a33da9ea24e676cddb4d03efe9329f	 Eukaryota	 Hacrobia	 Rappemonad	 Rappemonad_X	 Rappemonad_XX	 Rappemonad_XXX	Rappemonad_XXXX	 Rappemonad_XXXXX	 Rappemonad_XXXXXX	Rappemonad
e19ec7cce14e1085d797442fbf591e3f	 Eukaryota	 Hacrobia	 Haptophyta	 Prymnesiophyceae	 Prymnesiophyceae_X	 Syracosphaerales	Syracosphaerales_X	 Syracosphaeraceae	 Syracosphaera	Syracosphaera
aac34dad6c328d3eeba91206e9f95c13	 Eukaryota	 Stramenopiles	 Ochrophyta
01396fc4ac234449c9210323fa9e1ef9	 Eukaryota	 Hacrobia	 Haptophyta	 Prymnesiophyceae	 Prymnesiophycidae_X	 Prymnesiales	Prymnesiales_X	 Chrysochromulinaceae	 Chrysochromulinaceae_X	Chrysochromulinaceae_X
ffe7a1c4eea086d95a63280fccda366f	 Eukaryota	 Hacrobia	 Haptophyta	 Prymnesiophyceae
1ddbbd981ffe9debdc53a83e0fcf0725	 Eukaryota	 Hacrobia	 Haptophyta	 Prymnesiophyceae	 Prymnesiophycidae_X	 Prymnesiales	Prymnesiales_X
27a55e1aaf0cd2c6fd6d3146253bf314	 Eukaryota	 Archaeplastida
9e578cf19459e1c11c08b971b56e4c8c	 Eukaryota	 Hacrobia	 Haptophyta	 Prymnesiophyceae	 Prymnesiophycidae_X
5095150d8fea0e4ff7872cc65df911b5	 Eukaryota	 Hacrobia	 Haptophyta	 Prymnesiophyceae
8ed8b580c64fe120657497a31ffcef33	 Eukaryota	 Hacrobia	 Haptophyta	 Prymnesiophyceae	 Prymnesiophycidae_X	 Prymnesiales	Prymnesiales_X	 Prymnesiaceae	 Prymnesiaceae_X	Prymnesiaceae_X
d1cf285968ebfa3691b67646049642d6	 Eukaryota	 Archaeplastida
7e8619abe704706e677c84d912135c49	 Eukaryota	 Archaeplastida	 Rhodophyta	 Florideophyceae	 Rhodymeniophycidae
a99f0e714b693f5023da36b10f3a9459	 Eukaryota	 Hacrobia	 Haptophyta	 Prymnesiophyceae
deed76f2260e77205ef2a89f5642a4c2	 Eukaryota	 Hacrobia	 Haptophyta	 Prymnesiophyceae
45f2f28d1855838ee9e69f44adf19221	 Eukaryota	 Hacrobia	 Haptophyta	 Prymnesiophyceae	 Prymnesiophyceae_X	 Prymnesiales	Prymnesiales_X
2ecc7ac00c3fa8d0c0282dcaac794a7f	 Eukaryota	 Hacrobia	 Haptophyta	 Prymnesiophyceae	 Prymnesiophycidae_X	 Prymnesiales	Prymnesiales_X	 Chrysochromulinaceae	 Chrysochromulinaceae_X	Chrysochromulinaceae_X
6d47f2f574c7013d4bf35c179adfd4d1	 Eukaryota	 Hacrobia	 Haptophyta	 Prymnesiophyceae
d4280d86374699eae840ae229a021d44	 Eukaryota	 Archaeplastida	 Streptophyta	 Embryophyceae
da0f1bcab63b2f799e7cf8a19b1edbe6	 Eukaryota	 Archaeplastida	 Chlorophyta	 Mamiellophyceae	 Mamiellophyceae_X	 Dolichomastigales	Dolichomastigales_X	 Dolichomastigaceae	 Dolichomastix	Dolichomastix
e9472d24d1b1038f9bdafa571a47782a	 Eukaryota	 Stramenopiles	 Ochrophyta	 Chrysophyceae-Synurophyceae	 Chrysophyceae-Synurophyceae_X	 Chrysophyceae-Synurophyceae_XX	Chrysophyceae-Synurophyceae_XXX	 Chrysophyceae-Synurophyceae_XXXX	 Chrysophyceae-Synurophyceae_XXXXX	Chrysophyceae-Synurophyceae_XXXXX
9d6244ebef1a0afa8865aeca92ff0efd	 Eukaryota
21d302f9d735a495b0139527a88f5e7f	 Eukaryota	 Hacrobia	 Haptophyta	 Prymnesiophyceae
fe3f115eb81b6083d12bc51f10185b56	 Eukaryota	 Alveolata	 Dinophyta	 Dinophyceae	 Dinophyceae_X	 Dinotrichales	Dinotrichales_X	 Dinotrichaceae	 Gyrodinium	Gyrodinium
0f08dcf3a17df38460adc7824fd372e0	 Eukaryota
cd988ebf0c204efd11c657215d4679e5	 Eukaryota	 Archaeplastida	 Chlorophyta	 Mamiellophyceae	 Mamiellophyceae_X	 Mamiellales	Mamiellales_X	 Bathycoccaceae
bd8451e7835f36538a0c1ac6a9099fe7	 Eukaryota	 Stramenopiles	 Ochrophyta	 Dictyochophyceae	 Dictyochophyceae_X	 Rhizochromulinales	Rhizochromulinales_X	 Rhizochromulinaceae	 Rhizochromulina	Rhizochromulina
5ebd8eddc694ad518fcf15219c5aafce	 Eukaryota	 Stramenopiles	 Ochrophyta	 Bacillariophyta
6b88e6a430c68564ebb2bedec7ce3b06	 Eukaryota	 Hacrobia	 Haptophyta	 Prymnesiophyceae	 Prymnesiophycidae_X	 Prymnesiales	Prymnesiales_X
44de1b3f755860ef1cfbda9517ee50c6	 Eukaryota	 Archaeplastida	 Streptophyta	 Embryophyceae
d00d8304723ab76a743618e5b36437a9	 Eukaryota	 Hacrobia	 Haptophyta	 Prymnesiophyceae
fded98ccfdde40db41798ea04ea405ec	 Eukaryota	 Hacrobia	 Haptophyta	 Prymnesiophyceae
f7bd4a2d4b50ce028aabd21ac83b4658	 Eukaryota	 Hacrobia	 Haptophyta	 Prymnesiophyceae
97887e07b16720c0522b817bb8f72bf4	 Eukaryota	 Stramenopiles	 Ochrophyta	 Dictyochophyceae	 Dictyochophyceae_X	 Dictyochophyceae_XX	Dictyochophyceae_XXX	 Dictyochophyceae_XXXX	 Dictyochophyceae_XXXXX	Dictyochophyceae_XXXXX
488dc486ac255b20be656ca9a1300f8d	 Eukaryota	 Archaeplastida	 Chlorophyta	 Prasinophyceae	 Prasinophyceae_X	 Prasino-clade-9	Prasino-clade-9_X	 Prasino-clade-9_XX	 Prasino-clade-9_XXX	Prasino-clade-9_XXX
18100a59c7c5e99d864f5058168e81ef	 Eukaryota	 Hacrobia	 Haptophyta	 Prymnesiophyceae	 Prymnesiophyceae_X	 Prymnesiophyceae_XX	Prymnesiophyceae_XXX	 Braarudosphaeraceae	 Braarudosphaeraceae_X	Braarudosphaeraceae_X
333bc634cedeefd907bebf61d53b3055	 Eukaryota	 Hacrobia	 Haptophyta	 Prymnesiophyceae
3a53f21c1db9c09adeb5144822f27559	 Eukaryota	 Archaeplastida	 Chlorophyta	 Prasinococcales	 Prasinococcales_X	 Prasinococcales_XX	Prasinococcales_XXX	 Prasinococcales_XXXX	 Prasinococcales_XXXXX	Prasinococcales_XXXXX
4472226e365f707e08b0dd0e97192690	 Eukaryota	 Stramenopiles	 Ochrophyta	 Pelagophyceae	 Pelagophyceae_X	 Sarcinochrysidales	SarcinochrysidaleX	 Sarcinochrysidaceae	 Sarcinochrysidaceae_X	Sarcinochrysidaceae_X
02e7a2969e97edd4b6a768b17de60f79	 Eukaryota	 Archaeplastida
9f2d3a801fa113cbdb9132a6de419552	 Eukaryota	 Rhizaria	 Cercozoa	 Filosa-Chlorarachnea	 Filosa-Chlorarachnea_X	 Chlorarachniophyceae	Chlorarachniophyceae_X	 Chlorarachniaceae	 Gymnochlora	Gymnochlora
c11a71aeda23e35e54f96e66a3fd90bd	 Eukaryota	 Stramenopiles	 Ochrophyta	 Dictyochophyceae	 Dictyochophyceae_X	 Dictyochophyceae_XX	Dictyochophyceae_XXX	 Dictyochophyceae_XXXX	 Dictyochophyceae_XXXXX	Dictyochophyceae_XXXXX
fab30f6e532464338a7cd29e58dfb7ed	 Eukaryota	 Hacrobia	 Haptophyta	 Prymnesiophyceae	 Prymnesiophyceae_X	 Prymnesiophyceae_XX	Prymnesiophycidae_XXX	 Prymnesiophycidae_XXXX	 S25_1200	S25_1200
a0c31f395a5d28a682f8d5361825dd18	 Eukaryota	 Hacrobia	 Haptophyta	 Prymnesiophyceae	 Prymnesiophycidae_X	 Prymnesiales	Prymnesiales_X	 Chrysochromulinaceae	 Chrysochromulinaceae_X	Chrysochromulinaceae_X
337b386c38d180c193a3d7fe3d774e35	 Eukaryota
572b9ea81af79c8237738797bd9a47fd	 Eukaryota	 Hacrobia	 Rappemonad	 Rappemonad_X	 Rappemonad_XX	 Rappemonad_XXX	Rappemonad_XXXX	 Rappemonad_XXXXX	 Rappemonad_XXXXXX	Rappemonad
75eb71402a54a947984e23e465714f2d	 Eukaryota	 Rhizaria	 Cercozoa	 Filosa-Chlorarachnea	 Filosa-Chlorarachnea_X	 Chlorarachniophyceae	Chlorarachniophyceae_X	 Chlorarachniaceae	 Bigelowiella	Bigelowiella
fcc8273752120d2dc6503688d9986f2e	 Eukaryota	 Archaeplastida	 Streptophyta	 Embryophyceae	 asterids
75ffcf917b953b98ebe77ad12331ae4d	 Eukaryota	 Hacrobia	 Haptophyta	 Prymnesiophyceae	 Prymnesiophycidae_X	 Prymnesiales	Prymnesiales_X
2041da03b2768cb74274a7659327ab5a	 Eukaryota	 Hacrobia	 Haptophyta	 Prymnesiophyceae	 Prymnesiophycidae_X	 Prymnesiales	Prymnesiales_X
3e8227346e8cbde36f55a9071c0bfc3a	 Eukaryota	 Hacrobia	 Haptophyta	 Prymnesiophyceae
99f70700f623407c75bfc61881d937ce	 Eukaryota	 Stramenopiles	 Ochrophyta	 Bacillariophyta	 Fragilariophyceae	 Thalassionematales	Thalassionematales_X	 Thalassionemataceae
f097ce7edf9cc5fcf9484d900862b113	 Eukaryota	 Stramenopiles	 Ochrophyta	 Pelagophyceae	 Pelagophyceae_X	 Sarcinochrysidales	SarcinochrysidaleX	 Sarcinochrysidaceae	 Sarcinochrysidaceae_X	Sarcinochrysidaceae_X
f39402d04b833690ad46a73cc956fc62	 Eukaryota	 Hacrobia	 Haptophyta	 Prymnesiophyceae
4f804fd3e19b802f57131e1666e98fe7	 Eukaryota	 Hacrobia	 Haptophyta	 Prymnesiophyceae	 Prymnesiophyceae_X	 Prymnesiales	Prymnesiales_X
b131eff62a1e3997c578fc8a385fba40	 Eukaryota	 Hacrobia	 Haptophyta	 Prymnesiophyceae	 Prymnesiophycidae_X	 Coccolithales	Coccolithales_X	 Hymenomonadaceae	 Hymenomonadaceae_X	Hymenomonadaceae_X
732abd8bb19f7adc1f48e7747a7bf67b	 Eukaryota	 Hacrobia	 Haptophyta	 Prymnesiophyceae	 Prymnesiophycidae_X
e80e6ff41a7eff98ee48c4daaca85af4	 Eukaryota	 Archaeplastida	 Chlorophyta	 Pedinophyceae	 Pedinophyceae_X	 Pedinomonadales	Pedinomonadales_X	 Pedinomonadaceae	 Pedinomonadaceae_X	Pedinomonadaceae_X
873d0a87f38701a0d6191c48d4d0db29	 Eukaryota	 Hacrobia	 Haptophyta	 Prymnesiophyceae	 Prymnesiophyceae_X
b5c8e460b0e47ab9fda4e332ddeb02cc	 Eukaryota	 Hacrobia	 Haptophyta	 Prymnesiophyceae	 Prymnesiophycidae_X	 Prymnesiales	Prymnesiales_X	 Chrysochromulinaceae	 Chrysochromulinaceae_X	Chrysochromulinaceae_X
6e02857d7f11d3433dcbd29e2aef2a9c	 Eukaryota	 Hacrobia	 Haptophyta	 Prymnesiophyceae
96efd012c6794a7a96b7fddd2a6e8042	 Eukaryota	 Hacrobia	 Haptophyta	 Prymnesiophyceae
4dcd6a775e98005ee916e74f6a013ae8	 Eukaryota	 Hacrobia	 Rappemonad	 Rappemonad_X	 Rappemonad_XX	 Rappemonad_XXX	Rappemonad_XXXX	 Rappemonad_XXXXX	 Rappemonad_XXXXXX	Rappemonad
9e8d60bdba7a698c4eb165e690267182	 Eukaryota	 Stramenopiles	 Ochrophyta
bea2748dd4fe05d5f59b41108edfad5f	 Eukaryota	 Stramenopiles	 Ochrophyta	 Bacillariophyta	 Bacillariophyceae
e210175320ab6e6e29812f68aa76a633	 Eukaryota	 Stramenopiles	 Ochrophyta	 Bacillariophyta	 Coscinodiscophyceae	 Chaetocerotales
3343044e3b8beb4e8aca27d45a9c89c1	 Eukaryota	 Stramenopiles	 Ochrophyta	 Chrysophyceae-Synurophyceae	 Chrysophyceae-Synurophyceae_X	 Chrysophyceae-Synurophyceae_XX	Chrysophyceae-Synurophyceae_XXX	 Chrysophyceae-Synurophyceae_XXXX	 Chrysophyceae-Synurophyceae_XXXXX	Chrysophyceae-Synurophyceae_XXXXX
192db30d381e025b230bac888b37673f	 Eukaryota	 Stramenopiles	 Ochrophyta	 Dictyochophyceae	 Dictyochophyceae_X	 Florenciellales	Florenciellales_X	 Florenciellales_XX	 Florenciellales_XXX	Florenciellales_XXX
d4842afc32cfdb11ffdf9f7272528db1	 Eukaryota	 Archaeplastida
9fd119c931a981b6991636e32b6763ea	 Eukaryota	 Archaeplastida
329b80ec6c9f658c2764c1aabb9885eb	 Eukaryota	 Hacrobia	 Haptophyta	 Prymnesiophyceae	 Prymnesiophycidae_X
bd423ea61a33961be758bf5c32070a01	 Eukaryota	 Hacrobia	 Haptophyta	 Prymnesiophyceae
023ba54986c699eaf9b24b9c58a37a9c	 Eukaryota	 Hacrobia	 Haptophyta	 Prymnesiophyceae	 Prymnesiophycidae_X	 Prymnesiophycidae_XX	Prymnesiophycidae_XXX	 Prymnesiophycidae_XXXX	 Prymnesiophycidae_XXXXX	Prymnesiophycidae_XXXXX
6749f0f4b12b1195b41f04e081334d26	 Eukaryota	 Hacrobia	 Haptophyta	 Prymnesiophyceae
5684e709c86f28c2f2aedafb3b3640e8	 Eukaryota	 Stramenopiles	 Ochrophyta	 Dictyochophyceae	 Dictyochophyceae_X
6742ffa3c3a2952a686e8053d30620ea	 Eukaryota	 Stramenopiles	 Ochrophyta	 Bacillariophyta
d2808963716553fe5a9a5eac1c076275	 Eukaryota	 Hacrobia	 Haptophyta	 Prymnesiophyceae
4659067574680a1588aaaab6927a7bb1	 Eukaryota	 Hacrobia	 Haptophyta	 Prymnesiophyceae	 Prymnesiophycidae_X	 Prymnesiales	Prymnesiales_X
c46f3113a4f794ec585fbe5714feed14	 Eukaryota	 Archaeplastida
0348ba497c90749a552f3f3d18fc7a92	 Eukaryota	 Stramenopiles	 Ochrophyta	 Bacillariophyta	 Coscinodiscophyceae	 Chaetocerotales
f75f2f42742aebaa42d9d7a3716cfb06	 Eukaryota	 Hacrobia	 Haptophyta	 Prymnesiophyceae	 Prymnesiophycidae_X	 Phaeocystales	Phaeocystales_X	 Phaeocystaceae	 Phaeocystaceae_X	Phaeocystaceae_X
2e79841284c2cf764c5cd1711b600ef3	 Eukaryota	 Hacrobia	 Haptophyta	 Prymnesiophyceae	 Prymnesiophyceae_X	 Prymnesiophyceae_XX	Prymnesiophyceae_XXX
85e4ff93e5006da03b6cd76e0a7501ad	 Eukaryota	 Hacrobia	 Haptophyta	 Prymnesiophyceae
65ac69ce8a4728d0ac6b8739a777aaf8	 Eukaryota	 Hacrobia	 Haptophyta	 Prymnesiophyceae	 Prymnesiophycidae_X	 Prymnesiales	Prymnesiales_X	 Chrysochromulinaceae	 Chrysochromulinaceae_X	Chrysochromulinaceae_X
6814a86be338358ed9471ff93bcd1e15	 Eukaryota	 Archaeplastida	 Chlorophyta	 Mamiellophyceae	 Mamiellophyceae_X	 Mamiellales	Mamiellales_X	 Bathycoccaceae
bf857c9b3923e6b6b890b396c736f66f	 Eukaryota	 Hacrobia	 Haptophyta	 Prymnesiophyceae	 Prymnesiophycidae_X	 Prymnesiophycidae_XX	Prymnesiophycidae_XXX	 Prymnesiophycidae_XXXX	 Prymnesiophycidae_XXXXX	Prymnesiophycidae_XXXXX
aae534727c3716a3160ae2d66d4b01d7	 Eukaryota	 Hacrobia	 Haptophyta	 Prymnesiophyceae
6af50574a719a137f22d491b65d52abd	 Eukaryota	 Hacrobia	 Haptophyta	 Prymnesiophyceae	 Prymnesiophycidae_X	 Prymnesiales	Prymnesiales_X	 Chrysochromulinaceae	 Chrysochromulinaceae_X	Chrysochromulinaceae_X
12175589e3f00eb43e568d9bb1434667	 Eukaryota	 Hacrobia	 Haptophyta	 Prymnesiophyceae	 Prymnesiophycidae_X	 Prymnesiales	Prymnesiales_X
a28aa6ce3b4ff8626a2c3d81e0afbcba	 Eukaryota	 Archaeplastida	 Rhodophyta	 Florideophyceae	 Rhodymeniophycidae
24f278429cb21e43cfa2db342e91603c	 Eukaryota	 Stramenopiles	 Ochrophyta	 Bacillariophyta	 Fragilariophyceae	 Thalassionematales	Thalassionematales_X	 Thalassionemataceae	 Thalassionemataceae_X	Thalassionemataceae_X
419f5a32bdf91bda19a079a363952a3d	 Eukaryota	 Archaeplastida
33710095af4d10c80e36a6e6cb82bae3	 Eukaryota	 Stramenopiles	 Ochrophyta	 Pelagophyceae	 Pelagophyceae_X	 Pelagomonadales	Pelagomonadales_X	 Pelagomonadaceae	 Pelagomonas	Pelagomonas
74ebb2cdf091d52a6e98ca4eb909f030	 Eukaryota	 Stramenopiles	 Ochrophyta	 Bacillariophyta	 Coscinodiscophyceae	 Coscinodiscophyceae_X	Coscinodiscophyceae_XX	 Coscinodiscophyceae_XXX	 Coscinodiscophyceae_XXXX	Coscinodiscophyceae_XXXX
85fdfd0e161dfecadff78ccdce402f64	 Eukaryota	 Hacrobia	 Haptophyta	 Prymnesiophyceae
a8a0928c9c9cd8bd0d7fe483b7d96723	 Eukaryota	 Hacrobia	 Haptophyta	 Prymnesiophyceae	 Prymnesiophycidae_X	 Prymnesiales	Prymnesiales_X	 Chrysochromulinaceae	 Chrysochromulinaceae_X	Chrysochromulinaceae_X
3db31a9acedbfbfc6df5a89658d31bc2	 Eukaryota	 Stramenopiles	 Ochrophyta	 Pelagophyceae	 Pelagophyceae_X	 Sarcinochrysidales	SarcinochrysidaleX	 Sarcinochrysidaceae	 Sarcinochrysidaceae_X	Sarcinochrysidaceae_X
83717ee42636393469a212d741c5b1da	 Eukaryota	 Hacrobia	 Haptophyta	 Prymnesiophyceae	 Prymnesiophyceae_X
f166e467612574466179f5eac890e6de	 Eukaryota	 Hacrobia	 Haptophyta	 Prymnesiophyceae	 Prymnesiophyceae_X	 Coccolithales	Coccolithales_X
0403c465c56991f2da3720cd452f642e	 Eukaryota	 Archaeplastida	 Streptophyta	 Embryophyceae
f6b4d9d1bcf5e3b7d8896dc12eab4514	 Eukaryota	 Stramenopiles	 Ochrophyta	 Bacillariophyta
85d1feb5a387a3172c958f17a6ce0c4c	 Eukaryota	 Archaeplastida
0e4a832c5080a17cb2796b56caa01aa4	 Eukaryota	 Hacrobia	 Haptophyta	 Prymnesiophyceae	 Prymnesiophyceae_X
32da5e3f056783af3367b033ac2a1368	 Eukaryota
fca0b47896397785e5a71b4d271a86b2	 Eukaryota	 Hacrobia	 Haptophyta	 Prymnesiophyceae
ae0cf8ae73d2bef7a7c2f0404f406171	 Eukaryota	 Archaeplastida
999d1243241f20e891960afd2a12ee4e	 Eukaryota	 Hacrobia	 Haptophyta	 Prymnesiophyceae	 Prymnesiophycidae_X	 Coccolithales	Coccolithales_X	 Hymenomonadaceae	 Hymenomonadaceae_X	Hymenomonadaceae_X
219c7daae7776d3d21d65d79b264c645	 Eukaryota
bd4576de766d90f0b78e185b064bf143	 Eukaryota	 Stramenopiles	 Ochrophyta	 Bacillariophyta	 Bacillariophyceae
2cb39ad3442d31adc90d7de4e77c2843	 Eukaryota	 Archaeplastida	 Chlorophyta	 Prasinophyceae	 Prasinophyceae_X	 Prasino-clade-7	Prasino-clade-7_X	 Prasino-clade-7_X-B	 Prasino-clade-7_X-B2	Prasino-clade-7_X-B2
ebb1463ffd4eee091761744c58e6f97b	 Eukaryota	 Hacrobia	 Haptophyta	 Prymnesiophyceae	 Prymnesiophycidae_X	 Prymnesiales	Prymnesiales_X
420d57db2bd32c78438d74101579fb2e	 Eukaryota	 Hacrobia	 Haptophyta	 Prymnesiophyceae	 Prymnesiophyceae_X	 Prymnesiales	Prymnesiales_X
3d6a6109f529278ba326cf085b440c87	 Eukaryota	 Stramenopiles	 Ochrophyta	 Bacillariophyta	 Bacillariophyceae
75599cb1505bd5989bc096fbabbbcdf1	 Eukaryota	 Stramenopiles	 Ochrophyta	 Pelagophyceae	 Pelagophyceae_X	 Sarcinochrysidales	SarcinochrysidaleX	 Sarcinochrysidaceae	 Sarcinochrysidaceae_X	Sarcinochrysidaceae_X
dde68dd4f71484b88a6ca5fd40a1817d	 Eukaryota	 Hacrobia	 Haptophyta	 Prymnesiophyceae	 Prymnesiophycidae_X	 Prymnesiales	Prymnesiales_X	 Prymnesiaceae	 Prymnesiaceae_X	Prymnesiaceae_X
8167140b2f87fe125ef444853218426d	 Eukaryota	 Hacrobia	 Haptophyta	 Prymnesiophyceae	 Prymnesiophycidae_X	 Coccolithales	Coccolithales_X	 Hymenomonadaceae	 Hymenomonadaceae_X	Hymenomonadaceae_X
4a98a75bc95df57ecca905b1838b2e6c	 Eukaryota	 Hacrobia	 Haptophyta	 Prymnesiophyceae	 Prymnesiophyceae_X
71ce5b9b8c39113c22954ba2b0161e07	 Eukaryota	 Archaeplastida	 Rhodophyta	 Florideophyceae	 Rhodymeniophycidae
dcb71267f99987a641ed2637721fb035	 Eukaryota	 Hacrobia	 Haptophyta	 Prymnesiophyceae	 Prymnesiophycidae_X	 Prymnesiales	Prymnesiales_X	 Chrysochromulinaceae	 Chrysochromulinaceae_X	Chrysochromulinaceae_X
65b675b68f09d68c923e5b5b1ce5e2da	 Eukaryota	 Hacrobia	 Haptophyta	 Prymnesiophyceae	 Prymnesiophycidae_X	 Coccolithales	Coccolithales_X	 Hymenomonadaceae	 Hymenomonadaceae_X	Hymenomonadaceae_X
1c8e622df419051e07832117939ec9d5	 Eukaryota	 Hacrobia	 Haptophyta	 Prymnesiophyceae
2f70f82b07b2887241611d81763445df	 Eukaryota	 Hacrobia	 Rappemonad	 Rappemonad_X	 Rappemonad_XX	 Rappemonad_XXX	Rappemonad_XXXX	 Rappemonad_XXXXX	 Rappemonad_XXXXXX	Rappemonad
6af69e810cfb8bace0da3395ac8a0c58	 Eukaryota	 Hacrobia	 Haptophyta	 Prymnesiophyceae	 Prymnesiophyceae_X	 Coccolithales	Coccolithales_X	 Calcidiscaceae	 Calcidiscus	Calcidiscus
b1f21982ef8f110a053fb3f5f80fe50a	 Eukaryota	 Hacrobia	 Haptophyta	 Prymnesiophyceae	 Prymnesiophycidae_X	 Coccolithales	Coccolithales_X	 Hymenomonadaceae	 Hymenomonadaceae_X	Hymenomonadaceae_X
a1801b02578691d8ba8dde69510fe73c	 Eukaryota	 Hacrobia	 Haptophyta	 Prymnesiophyceae
750b11808c7c09d9bd7ed639879584c9	 Eukaryota	 Archaeplastida
2a71ed8e2a3a58300b59b9b3ca5722b2	 Eukaryota	 Hacrobia	 Haptophyta	 Prymnesiophyceae
fec340993a739ee01f6eb267e367ea53	 Eukaryota	 Hacrobia	 Haptophyta	 Prymnesiophyceae
15c176f5eb5e369c067a6915199a3e9e	 Eukaryota	 Hacrobia	 Haptophyta	 Prymnesiophyceae
c8fa6aa96907c86f50921a4c195d3380	 Eukaryota	 Archaeplastida
04239760f8a89a24265f84475274ce8e	 Eukaryota	 Hacrobia	 Haptophyta	 Prymnesiophyceae	 Prymnesiophycidae_X
d5015a817e763e6c9584dc99159276bf	 Eukaryota	 Archaeplastida
34bbff1ee596a2d6d67f9191a66e53e3	 Eukaryota	 Hacrobia	 Haptophyta	 Prymnesiophyceae
610bdf25b60ac1c7a9398182ae89fa47	 Eukaryota	 Hacrobia	 Haptophyta	 Prymnesiophyceae
e4a21780259de691d13690258f76159a	 Eukaryota	 Stramenopiles	 Ochrophyta
f274e708a774d9250c89e480f83a48ff	 Eukaryota	 Hacrobia	 Cryptophyta	 Cryptophyceae	 Cryptophyceae_X	 Pyrenomonadales	Pyrenomonadales_X	 Pyrenomonadales_XX	 Pyrenomonadales_XXX	Pyrenomonadales_XXX
b9f4e660ca3a725342bf297a4b1d9ca3	 Eukaryota	 Archaeplastida	 Streptophyta	 Embryophyceae
e1a37cc6d234c1e63a01a031443fb81c	 Eukaryota	 Archaeplastida	 Chlorophyta	 Prasinophyceae	 Prasinophyceae_X	 Prasino-clade-7	Prasino-clade-7_X	 Prasino-clade-7_X-B	 Prasino-clade-7_X-B2	Prasino-clade-7_X-B2
70ed22512a25ff24a24f4ed2ed3693cb	 Eukaryota	 Hacrobia	 Haptophyta	 Prymnesiophyceae
c57cbebd3bf1f326c470e1e23906f278	 Eukaryota	 Archaeplastida	 Chlorophyta	 Prasinococcales	 Prasinococcales_X	 Prasinococcales_XX	Prasinococcales_XXX	 Prasinococcales_XXXX	 Prasinococcales_XXXXX	Prasinococcales_XXXXX
7bc34fc15dcfe597fc0bf7bb817d7b86	 Eukaryota	 Hacrobia	 Haptophyta	 Prymnesiophyceae	 Prymnesiophycidae_X	 Prymnesiales	Prymnesiales_X
8181784408907d5d5d93edc2a6d23ca2	 Eukaryota	 Hacrobia	 Rappemonad	 Rappemonad_X	 Rappemonad_XX	 Rappemonad_XXX	Rappemonad_XXXX	 Rappemonad_XXXXX	 Rappemonad_XXXXXX	Rappemonad
24f876e8926f8fdbafe7ea3b68703845	 Eukaryota	 Stramenopiles	 Ochrophyta	 Bacillariophyta	 Coscinodiscophyceae	 Chaetocerotales
49cbeeee9bcfca483ac5983608545c75	 Eukaryota	 Archaeplastida	 Chlorophyta	 Prasinophyceae	 Prasinophyceae_X	 Prasino-clade-7	Prasino-clade-7_X	 Prasino-clade-7_X-B	 Prasino-clade-7_X-B2	Prasino-clade-7_X-B2
cd94aaebfac4dad193cebe7b2af1b868	 Eukaryota	 Hacrobia	 Cryptophyta	 Cryptophyceae	 Cryptophyceae_X	 Pyrenomonadales	Pyrenomonadales_X	 Pyrenomonadales_XX	 Pyrenomonadales_XXX	Pyrenomonadales_XXX
d34ca890d040cf61315089bd428c1c63	 Eukaryota	 Hacrobia	 Haptophyta	 Prymnesiophyceae
f3f605a3ada5c432cd5304d869631932	 Eukaryota	 Stramenopiles	 Ochrophyta	 Chrysophyceae	 Chrysophyceae_X	 Chrysophyceae_XX	Chrysophyceae_XXX	 Chrysophyceae_XXXX	 Chrysophyceae_XXXXX	Chrysophyceae_XXXXX
d66084f8c6d702f9d7d38ec80f73d00c	 Eukaryota	 Stramenopiles	 Ochrophyta	 Bacillariophyta	 Bacillariophyceae
7894a0b8376fdacdb7851c370c0520cd	 Eukaryota	 Stramenopiles	 Ochrophyta	 Chrysophyceae-Synurophyceae	 Chrysophyceae-Synurophyceae_X	 Chrysophyceae-Synurophyceae_XX	Chrysophyceae-Synurophyceae_XXX	 Chrysophyceae-Synurophyceae_XXXX	 Chrysophyceae-Synurophyceae_XXXXX	Chrysophyceae-Synurophyceae_XXXXX
2981aa9f69bc423dc502b2e178dc7904	 Eukaryota	 Archaeplastida	 Chlorophyta	 Mamiellophyceae	 Mamiellophyceae_X	 Mamiellales	Mamiellales_X	 Mamiellaceae	 Mamiellaceae_X	Mamiellaceae_X
9d937f02755abd75890105cbac953bde	 Eukaryota	 Stramenopiles	 Ochrophyta	 Dictyochophyceae	 Dictyochophyceae_X	 Rhizochromulinales	Rhizochromulinales_X	 Rhizochromulinaceae	 Rhizochromulina	Rhizochromulina
c6cb538a08158667ecf55c98a319a7a4	 Eukaryota	 Archaeplastida
c59fa81c29c73398a04564721b86b9b0	 Eukaryota	 Stramenopiles	 Ochrophyta	 Chrysophyceae-Synurophyceae	 Chrysophyceae-Synurophyceae_X	 Chrysophyceae-Synurophyceae_XX	Chrysophyceae-Synurophyceae_XXX	 Chrysophyceae-Synurophyceae_XXXX	 Chrysophyceae-Synurophyceae_XXXXX	Chrysophyceae-Synurophyceae_XXXXX
176016365f0760bda35c0263c943ba7f	 Eukaryota	 Archaeplastida
1b0592d20fc552a47d8b776fa048eb34	 Eukaryota	 Alveolata	 Dinophyta	 Dinophyceae	 Dinophyceae_X	 Brachidiniales	Brachidiniales_X	 Brachidiniaceae	 Karlodinium	Karlodinium
ab49b3672f71b40d468bc1d5e7b6c04c	 Eukaryota	 Hacrobia	 Haptophyta	 Prymnesiophyceae
b23debc7fe387962e2c600498d295eb5	 Eukaryota	 Hacrobia	 Haptophyta	 Prymnesiophyceae	 Prymnesiophycidae_X	 Prymnesiales	Prymnesiales_X	 Chrysochromulinaceae	 Chrysochromulinaceae_X	Chrysochromulinaceae_X
4b0c1a47c343eabf7f8689e1405e9515	 Eukaryota	 Archaeplastida	 Chlorophyta	 Prasinophyceae	 Prasinophyceae_X	 Prasino-clade-9	Prasino-clade-9_X	 Prasino-clade-9_XX	 Prasino-clade-9_XXX	Prasino-clade-9_XXX
64ba9d2793937d6cb4204c953fe370e3	 Eukaryota	 Hacrobia	 Haptophyta	 Prymnesiophyceae	 Prymnesiophyceae_X	 Prymnesiales	Prymnesiales_X	 Chrysochromulinaceae	 Chrysochromulina	Chrysochromulina
5b5a58c04b5bd56d77cf0ace2ad73010	 Eukaryota	 Hacrobia	 Haptophyta	 Prymnesiophyceae	 Prymnesiophycidae_X	 Prymnesiales	Prymnesiales_X
5f1a8f3b7248c2ae613efc84b93db4ce	 Eukaryota	 Archaeplastida	 Rhodophyta	 Florideophyceae	 Rhodymeniophycidae	 Ceramiales	Ceramiales_X	 Ceramiaceae
97bbfc3631bf2d5cde4c608864606035	 Eukaryota	 Hacrobia	 Haptophyta	 Prymnesiophyceae
4eb5873489776b6c97bcca447ea933ee	 Eukaryota	 Archaeplastida	 Chlorophyta
7b6f05fcc5f70e577c22233470787aa8	 Eukaryota	 Hacrobia	 Haptophyta	 Prymnesiophyceae	 Prymnesiophycidae_X	 Phaeocystales	Phaeocystales_X	 Phaeocystaceae	 Phaeocystaceae_X	Phaeocystaceae_X
2edb0c757f3e309f4bea28a37ff4d62e	 Eukaryota	 Hacrobia	 Rappemonad	 Rappemonad_X	 Rappemonad_XX	 Rappemonad_XXX	Rappemonad_XXXX	 Rappemonad_XXXXX	 Rappemonad_XXXXXX	Rappemonad
a08a95591820d3fe5163f4a97e57ceaf	 Eukaryota	 Hacrobia	 Haptophyta	 Prymnesiophyceae
8bca143e47d6141360fef2ac544fe5e5	 Eukaryota	 Hacrobia	 Haptophyta	 Prymnesiophyceae	 Prymnesiophycidae_X
e450195bf43cdf784f3c5f1f73a24454	 Eukaryota	 Hacrobia	 Haptophyta	 Prymnesiophyceae	 Prymnesiophycidae_X
91c963f8bd71a2ac6ff42a12eb683edd	 Eukaryota	 Hacrobia	 Haptophyta	 Prymnesiophyceae	 Prymnesiophycidae_X	 Prymnesiales	Prymnesiales_X
09e169e0836c582548ba5141f71e712d	 Eukaryota	 Archaeplastida	 Streptophyta	 Embryophyceae
6a4c98d4c888ed2d8bf86bc1efe4dc84	 Eukaryota	 Hacrobia	 Haptophyta	 Prymnesiophyceae	 Prymnesiophyceae_X	 Prymnesiales	Prymnesiales_X	 Chrysochromulinaceae	 Chrysochromulina	Chrysochromulina
65e97c777e385d97c9e532080d7d1aa8	 Eukaryota	 Stramenopiles	 Ochrophyta	 Bacillariophyta
f70ad93de259174333f3b580a8a6bf3d	 Eukaryota	 Archaeplastida	 Chlorophyta	 Prasinococcales	 Prasinococcales_X	 Prasinococcales_XX	Prasinococcales_XXX	 Prasinococcales_XXXX	 Prasinococcales_XXXXX	Prasinococcales_XXXXX
4cb1553ed04a52032a1506170b910d57	 Eukaryota	 Stramenopiles	 Ochrophyta	 Pelagophyceae	 Pelagophyceae_X	 Pelagomonadales	Pelagomonadales_X	 Pelagomonadaceae	 Pelagomonadaceae_X	Pelagomonadaceae_X
75549981911a6cb5fe1cdf04b9f25a59	 Eukaryota	 Stramenopiles	 Ochrophyta	 Chrysophyceae-Synurophyceae	 Chrysophyceae-Synurophyceae_X	 Chrysophyceae-Synurophyceae_XX	Chrysophyceae-Synurophyceae_XXX	 Chrysophyceae-Synurophyceae_XXXX	 Chrysophyceae-Synurophyceae_XXXXX	Chrysophyceae-Synurophyceae_XXXXX
34a0c932880ca6055e87a434692b2582	 Eukaryota	 Hacrobia	 Haptophyta	 Prymnesiophyceae	 Prymnesiophyceae_X
cef1d778e0845a18574f8aa5677c2bcf	 Eukaryota	 Stramenopiles	 Ochrophyta	 Dictyochophyceae	 Dictyochophyceae_X	 Rhizochromulinales	Rhizochromulinales_X	 Rhizochromulinaceae	 Rhizochromulina	Rhizochromulina
efc8a8d8eabe3ec619ce906b8be87803	 Eukaryota	 Hacrobia	 Rappemonad	 Rappemonad_X	 Rappemonad_XX	 Rappemonad_XXX	Rappemonad_XXXX	 Rappemonad_XXXXX	 Rappemonad_XXXXXX	Rappemonad
80319ecc4e46ff50645cbd36acd5673b	 Eukaryota	 Hacrobia	 Haptophyta	 Prymnesiophyceae	 Prymnesiophycidae_X	 Prymnesiales	Prymnesiales_X
d5b5fd37df46778cff044bbe33af0988	 Eukaryota	 Hacrobia	 Rappemonad	 Rappemonad_X	 Rappemonad_XX	 Rappemonad_XXX	Rappemonad_XXXX	 Rappemonad_XXXXX	 Rappemonad_XXXXXX	Rappemonad
60275c8e074f87b3edcc5d653d096d58	 Eukaryota	 Hacrobia	 Haptophyta	 Prymnesiophyceae	 Prymnesiophycidae_X	 Prymnesiales	Prymnesiales_X
afda00c6fab1eb3ca9aa3f02f88092a2	 Eukaryota	 Hacrobia	 Haptophyta	 Prymnesiophyceae	 Prymnesiophycidae_X	 Prymnesiales	Prymnesiales_X	 Chrysochromulinaceae	 Chrysochromulinaceae_X	Chrysochromulinaceae_X
26ecd6200cb8641c8885f2d846139d1a	 Eukaryota	 Hacrobia	 Haptophyta	 Prymnesiophyceae	 Prymnesiophycidae_X	 Coccolithales	Coccolithales_X	 Hymenomonadaceae	 Hymenomonadaceae_X	Hymenomonadaceae_X
63265cf0ca39a06a67f27055adad9903	 Eukaryota	 Stramenopiles	 Ochrophyta	 Chrysophyceae-Synurophyceae	 Chrysophyceae-Synurophyceae_X	 Chrysophyceae-Synurophyceae_XX	Chrysophyceae-Synurophyceae_XXX	 Chrysophyceae-Synurophyceae_XXXX	 Chrysophyceae-Synurophyceae_XXXXX	Chrysophyceae-Synurophyceae_XXXXX
3bc9a925c7b5d81a27dd88660f5e1766	 Eukaryota	 Archaeplastida	 Chlorophyta	 Prasinophyceae	 Prasinophyceae_X	 Pyramimonadales	Pyramimonadales_X	 Pterospermataceae	 Pterosperma	Pterosperma
3b37e9502b7704049af9a3bad1a83d90	 Eukaryota	 Archaeplastida	 Chlorophyta	 Pedinophyceae	 Pedinophyceae_X	 Pedinomonadales	Pedinomonadales_X	 Pedinomonadaceae	 Pedinomonadaceae_X	Pedinomonadaceae_X
284613b697fe4af7c8a62b945ff6b519	 Eukaryota	 Hacrobia	 Haptophyta	 Prymnesiophyceae	 Prymnesiophycidae_X	 Phaeocystales	Phaeocystales_X	 Phaeocystaceae	 Phaeocystaceae_X	Phaeocystaceae_X
35be669d223ff3451eddd9aeb3e88269	 Eukaryota	 Archaeplastida	 Chlorophyta	 Prasinophyceae	 Prasinophyceae_X
8fa5d9133cac827b0a8e282b80f3432f	 Eukaryota	 Stramenopiles	 Ochrophyta	 Chrysophyceae	 Chrysophyceae_X	 Chromulinales	Chromulinales_X	 Chromulinaceae	 Ochromonas	Ochromonas
06b93f3195fe6dfe8cbf9f864c456718	 Eukaryota	 Archaeplastida	 Streptophyta	 Embryophyceae	 rosids	 Malpighiales	Malpighiales_X
54e28c0e244c40c64accd007392f320e	 Eukaryota	 Hacrobia	 Haptophyta	 Prymnesiophyceae	 Prymnesiophycidae_X	 Prymnesiales	Prymnesiales_X
e333da37f9bd59396ce7c995b7d0feb8	 Eukaryota	 Stramenopiles	 Ochrophyta	 Bacillariophyta
8cb8b7b11035ca74499a73893845b0d9	 Eukaryota	 Hacrobia	 Haptophyta	 Prymnesiophyceae
86b58c0e10ea3cd03777e0161baacf43	 Eukaryota	 Stramenopiles	 Ochrophyta	 Bolidophyceae	 Bolidophyceae_X	 Bolidomonadales	Bolidomonadales_X	 Bolidomonadaceae	 Bolidomonas	Bolidomonas
0cc5840e701a10e400f35c9e4026737a	 Eukaryota	 Stramenopiles	 Ochrophyta	 Pelagophyceae	 Pelagophyceae_X	 Sarcinochrysidales	SarcinochrysidaleX	 Sarcinochrysidaceae	 Sarcinochrysidaceae_X	Sarcinochrysidaceae_X
7cbdaa813e99b6dd6b29892f5a359f11	 Eukaryota	 Stramenopiles	 Ochrophyta	 Dictyochophyceae	 Dictyochophyceae_X	 Dictyochophyceae_XX	Dictyochophyceae_XXX	 Dictyochophyceae_XXXX	 Dictyochophyceae_XXXXX	Dictyochophyceae_XXXXX
d9524a2878288f78a5ef3ed8a4478bad	 Eukaryota	 Hacrobia	 Haptophyta	 Prymnesiophyceae	 Prymnesiophycidae_X	 Prymnesiales	Prymnesiales_X
3e5e81fe5207a9501bd548cb4ec432b0	 Eukaryota	 Stramenopiles	 Ochrophyta	 Bacillariophyta	 Coscinodiscophyceae	 Chaetocerotales
aa2c22c5c8247ccc0446c48bed374381	 Eukaryota	 Hacrobia	 Haptophyta	 Prymnesiophyceae	 Prymnesiophyceae_X	 Prymnesiophyceae_XX	Prymnesiophycidae_XXX	 Prymnesiophycidae_XXXX	 S25_1200	S25_1200
809c79427c3cadb036865449216ebfee	 Eukaryota	 Hacrobia	 Haptophyta	 Prymnesiophyceae	 Prymnesiophycidae_X	 Prymnesiales	Prymnesiales_X	 Chrysochromulinaceae	 Chrysochromulinaceae_X	Chrysochromulinaceae_X
2e30145a698eb25a0c0dfa9705c0ab32	 Eukaryota	 Stramenopiles	 Ochrophyta	 Chrysophyceae	 Chrysophyceae_X	 Chrysophyceae_XX	Chrysophyceae_XXX	 Chrysophyceae_XXXX	 Chrysophyceae_XXXXX	Chrysophyceae_XXXXX
d578c77d5b5cbf4334f287b6462aa01f	 Eukaryota	 Archaeplastida	 Chlorophyta	 Chlorophyta_X	 Chlorophyta_XX	 Chlorophyta_XXX	Chlorophyta_XXXX	 Chlorophyta_XXXXX	 Chlorophyta_XXXXXX	Chlorophyta_XXXXXX
daa38f70f9e96696e46ca124699ce4ff	 Eukaryota	 Hacrobia	 Haptophyta	 Prymnesiophyceae	 Prymnesiophycidae_X
d5ec841c75a93c1249875982bf213609	 Eukaryota	 Rhizaria	 Cercozoa	 Filosa-Chlorarachnea	 Filosa-Chlorarachnea_X	 Chlorarachniophyceae	Chlorarachniophyceae_X	 Chlorarachniaceae
ef62bc934907076ce41c76ae13c35a89	 Eukaryota	 Hacrobia	 Haptophyta	 Prymnesiophyceae
9e40af9b25d59d8d3a618f3a20f10912	 Eukaryota	 Stramenopiles	 Ochrophyta	 Bacillariophyta
da19396d00d9005e7571d4e3f3cc5dc6	 Eukaryota	 Hacrobia	 Rappemonad	 Rappemonad_X	 Rappemonad_XX	 Rappemonad_XXX	Rappemonad_XXXX	 Rappemonad_XXXXX	 Rappemonad_XXXXXX	Rappemonad
a8db5727914917a71138766192e0d8a1	 Eukaryota	 Archaeplastida	 Streptophyta	 Embryophyceae
d8b442b1cff47d3fedb17fb17db642cb	 Eukaryota	 Hacrobia	 Haptophyta	 Prymnesiophyceae	 Prymnesiophycidae_X	 Prymnesiales	Prymnesiales_X
7f74d8bc97fd317cedd7b42ffa4f9f51	 Eukaryota	 Hacrobia	 Haptophyta	 Prymnesiophyceae	 Prymnesiophycidae_X
5f060010c279e8156ffe0b7353a11051	 Eukaryota	 Hacrobia	 Rappemonad	 Rappemonad_X	 Rappemonad_XX	 Rappemonad_XXX	Rappemonad_XXXX	 Rappemonad_XXXXX	 Rappemonad_XXXXXX	Rappemonad
6ecf6c897aebc391f8b4afd6cdcfcc5f	 Eukaryota	 Stramenopiles	 Ochrophyta	 Bacillariophyta	 Bacillariophyceae
cfdbe237443639a2a59cedb63e72513a	 Eukaryota	 Hacrobia	 Haptophyta	 Prymnesiophyceae
17bda9f93b4f4ffd41d168a0a2e449cd	 Eukaryota	 Hacrobia	 Haptophyta	 Prymnesiophyceae	 Prymnesiophycidae_X	 Prymnesiales	Prymnesiales_X	 Chrysochromulinaceae	 Chrysochromulinaceae_X	Chrysochromulinaceae_X
4db2ba3c0280ef8dd329786b078b9e25	 Eukaryota	 Stramenopiles	 Ochrophyta	 Bacillariophyta	 Bacillariophyceae
8275073ab55e455d3663260895b114a5	 Eukaryota	 Hacrobia	 Haptophyta	 Prymnesiophyceae
3c73bb980efeda4249ad81d0cd2f3adf	 Eukaryota	 Hacrobia	 Haptophyta	 Prymnesiophyceae
ea2e85259462706601f45cad76842e61	 Eukaryota	 Archaeplastida	 Rhodophyta	 Florideophyceae	 Rhodymeniophycidae
283ab35af3232c686cadf727818a7b42	 Eukaryota	 Archaeplastida	 Chlorophyta	 Pedinophyceae	 Pedinophyceae_X	 Pedinomonadales	Pedinomonadales_X	 Pedinomonadaceae	 Pedinomonadaceae_X	Pedinomonadaceae_X
e05c0a30417b13f84b7f83df440a312a	 Eukaryota	 Hacrobia	 Haptophyta	 Prymnesiophyceae	 Prymnesiophycidae_X	 Prymnesiales	Prymnesiales_X
455a6582dcc104283e4e46a56541874f	 Eukaryota	 Stramenopiles	 Ochrophyta	 Pelagophyceae	 Pelagophyceae_X	 Pelagomonadales	Pelagomonadales_X	 Pelagomonadaceae	 Pelagomonadaceae_X	Pelagomonadaceae_X
6e9ae494f0de5603700bf5fdb654ab38	 Eukaryota	 Hacrobia	 Haptophyta	 Prymnesiophyceae	 Prymnesiophycidae_X	 Prymnesiales	Prymnesiales_X	 Chrysochromulinaceae	 Chrysochromulinaceae_X	Chrysochromulinaceae_X
fce11be4a8101ce4a3d134ee88e0e176	 Eukaryota	 Hacrobia	 Cryptophyta	 Cryptophyceae	 Cryptophyceae_X	 Pyrenomonadales	Pyrenomonadales_X	 Pyrenomonadales_XX	 Pyrenomonadales_XXX	Pyrenomonadales_XXX
ccc3faee88a70bbff7a1661d0318a3c3	 Eukaryota	 Stramenopiles	 Ochrophyta	 Bacillariophyta	 Bacillariophyceae
28d848a5f8f8b49e144e76f2c57a4941	 Eukaryota	 Archaeplastida	 Chlorophyta	 Chlorophyta_X	 Chlorophyta_XX	 Chlorophyta_XXX	Chlorophyta_XXXX	 Chlorophyta_XXXXX	 Chlorophyta_XXXXXX	Chlorophyta_XXXXXX
1bb18a202b352ec708b889a01c68c7af	 Eukaryota	 Stramenopiles	 Ochrophyta	 Dictyochophyceae	 Dictyochophyceae_X	 Dictyochophyceae_XX	Dictyochophyceae_XXX	 Dictyochophyceae_XXXX	 Dictyochophyceae_XXXXX	Dictyochophyceae_XXXXX
20850fd9f91388f39ab3bd0518ae4bef	 Eukaryota	 Stramenopiles	 Ochrophyta	 Pelagophyceae	 Pelagophyceae_X	 Sarcinochrysidales	SarcinochrysidaleX	 Sarcinochrysidaceae	 Sarcinochrysidaceae_X	Sarcinochrysidaceae_X
4fc1c507a7812c350f55cf5a697e513c	 Eukaryota	 Hacrobia	 Haptophyta	 Prymnesiophyceae
7545279d251072107a856326216382e9	 Eukaryota	 Stramenopiles	 Ochrophyta	 Bacillariophyta	 Bacillariophyceae
deb0f75b659418cadfaff6bf4ad0d65e	 Eukaryota	 Hacrobia	 Haptophyta	 Prymnesiophyceae	 Prymnesiophycidae_X	 Phaeocystales	Phaeocystales_X	 Phaeocystaceae	 Phaeocystaceae_X	Phaeocystaceae_X
594b9b9d1e6d7fdf2111c3209299a076	 Eukaryota	 Stramenopiles	 Ochrophyta	 Bacillariophyta
10ef2404959e6d8f53ba87fce45169be	 Eukaryota	 Rhizaria	 Cercozoa	 Filosa-Chlorarachnea	 Filosa-Chlorarachnea_X	 Chlorarachniophyceae	Chlorarachniophyceae_X	 Chlorarachniaceae
5a014ed6ad200167bceaeb589062fa6b	 Eukaryota	 Archaeplastida	 Streptophyta	 Embryophyceae	 rosids	 Malpighiales	Malpighiales_X
898849b247cc4f8cee76f39db6c9b2bb	 Eukaryota	 Stramenopiles	 Ochrophyta	 Dictyochophyceae	 Dictyochophyceae_X
9c60c2a40678fd7cb58184d31e31d5c5	 Eukaryota	 Stramenopiles	 Ochrophyta	 Chrysophyceae-Synurophyceae	 Chrysophyceae-Synurophyceae_X	 Chrysophyceae-Synurophyceae_XX	Chrysophyceae-Synurophyceae_XXX	 Chrysophyceae-Synurophyceae_XXXX	 Chrysophyceae-Synurophyceae_XXXXX	Chrysophyceae-Synurophyceae_XXXXX
f008c2823ee195e28ab7eba87abd722c	 Eukaryota	 Hacrobia	 Haptophyta	 Prymnesiophyceae	 Prymnesiophycidae_X	 Coccolithales	Coccolithales_X	 Hymenomonadaceae	 Hymenomonadaceae_X	Hymenomonadaceae_X
a1bf63ed5fce5dfb095dbb1ccf0e0d25	 Eukaryota	 Stramenopiles	 Ochrophyta	 Pelagophyceae	 Pelagophyceae_X	 Sarcinochrysidales	SarcinochrysidaleX	 Sarcinochrysidaceae	 Sarcinochrysidaceae_X	Sarcinochrysidaceae_X
bf3cf6f18fcf7175fd70616ca9c9d1fc	 Eukaryota	 Archaeplastida	 Chlorophyta	 Prasinophyceae	 Prasinophyceae_X	 Prasino-clade-9	Prasino-clade-9_X	 Prasino-clade-9_XX	 Prasino-clade-9_XXX	Prasino-clade-9_XXX
4eb8fe2cbecfde61eb8bca052c982cc7	 Eukaryota	 Hacrobia	 Haptophyta	 Prymnesiophyceae	 Prymnesiophyceae_X	 Prymnesiophyceae_XX	Prymnesiophyceae_XXX
3412d846ef314297c85ef0011c4985b7	 Eukaryota	 Hacrobia	 Haptophyta	 Prymnesiophyceae	 Prymnesiophyceae_X	 Prymnesiophyceae_XX	Prymnesiophycidae_XXX	 Prymnesiophycidae_XXXX	 S25_1200	S25_1200
066349624f96edad5e3b8c4be4f5a3ab	 Eukaryota	 Stramenopiles	 Ochrophyta	 Bacillariophyta
6590676f8af72c9a705ebd5a9210c4d3	 Eukaryota	 Hacrobia	 Rappemonad	 Rappemonad_X	 Rappemonad_XX	 Rappemonad_XXX	Rappemonad_XXXX	 Rappemonad_XXXXX	 Rappemonad_XXXXXX	Rappemonad
64798a206c8bd3768a67a257e880fe86	 Eukaryota	 Hacrobia	 Haptophyta	 Prymnesiophyceae	 Prymnesiophyceae_X	 Prymnesiophyceae_XX	Prymnesiophycidae_XXX	 Prymnesiophycidae_XXXX	 S25_1200	S25_1200
717c5b98a8206ddecc8d257fbb269da9	 Eukaryota	 Hacrobia	 Haptophyta	 Prymnesiophyceae	 Prymnesiophycidae_X	 Prymnesiales	Prymnesiales_X	 Chrysochromulinaceae	 Chrysochromulinaceae_X	Chrysochromulinaceae_X
b9ed07529fb0217a6679d37ea220a5c9	 Eukaryota	 Hacrobia	 Haptophyta	 Prymnesiophyceae	 Prymnesiophycidae_X
ba4fb223bd7b14ba6816897ba0ae2c19	 Eukaryota	 Archaeplastida
1c7407c2784f0d8a8ba8f3d247994c0c	 Eukaryota	 Archaeplastida	 Chlorophyta	 Mamiellophyceae	 Mamiellophyceae_X	 Mamiellales	Mamiellales_X	 Mamiellaceae
d0e407de71afefa813f98b61b8d4c7a3	 Eukaryota	 Hacrobia	 Haptophyta	 Prymnesiophyceae
9fed8e92d6368dfc5424723a83f5225e	 Eukaryota	 Stramenopiles	 Ochrophyta
5c86b5a7842afe5d8487ac87d683705c	 Eukaryota	 Hacrobia	 Haptophyta	 Prymnesiophyceae	 Prymnesiophyceae_X
20eeb173c3949762b9de7193075baa61	 Eukaryota	 Hacrobia	 Haptophyta	 Prymnesiophyceae	 Prymnesiophyceae_X
0993a0f1776e5398bddac766eae5ad03	 Eukaryota	 Stramenopiles	 Ochrophyta	 Bacillariophyta
1cbf0eadf4776193934fd0fd7d4851a0	 Eukaryota	 Hacrobia	 Haptophyta	 Prymnesiophyceae	 Prymnesiophyceae_X	 Prymnesiophyceae_XX	Prymnesiophyceae_XXX
6580fa0e6824389be61d3d119937f5d7	 Eukaryota	 Stramenopiles	 Ochrophyta	 Dictyochophyceae	 Dictyochophyceae_X	 Dictyochophyceae_XX	Dictyochophyceae_XXX	 Dictyochophyceae_XXXX	 Dictyochophyceae_XXXXX	Dictyochophyceae_XXXXX
08e0180324f10d4b12cde16a7a4a858c	 Eukaryota	 Hacrobia	 Rappemonad	 Rappemonad_X	 Rappemonad_XX	 Rappemonad_XXX	Rappemonad_XXXX	 Rappemonad_XXXXX	 Rappemonad_XXXXXX	Rappemonad
551f7384f32c2e507cbfc3c27bb78b15	 Eukaryota	 Stramenopiles	 Ochrophyta	 Chrysophyceae-Synurophyceae	 Chrysophyceae-Synurophyceae_X	 Chrysophyceae-Synurophyceae_XX	Chrysophyceae-Synurophyceae_XXX	 Chrysophyceae-Synurophyceae_XXXX	 Chrysophyceae-Synurophyceae_XXXXX	Chrysophyceae-Synurophyceae_XXXXX
3eabd789847aa9f9248af76ec386b07c	 Eukaryota	 Hacrobia	 Haptophyta	 Prymnesiophyceae	 Prymnesiophycidae_X	 Prymnesiales	Prymnesiales_X	 Chrysochromulinaceae	 Chrysochromulinaceae_X	Chrysochromulinaceae_X
0e5819abf1ad948f3a9cb7c2551b4392	 Eukaryota	 Hacrobia	 Haptophyta	 Prymnesiophyceae	 Prymnesiophyceae_X	 Prymnesiophyceae_XX
26291e7b0f6af114d80eae18119668ed	 Eukaryota	 Stramenopiles	 Ochrophyta	 Bacillariophyta
22e647dcc86d3e9d10a3a88e480d8547	 Eukaryota	 Stramenopiles	 Ochrophyta	 Pelagophyceae	 Pelagophyceae_X
07245bcdafe7c8ccf99b13e26ce8de6d	 Eukaryota	 Archaeplastida	 Chlorophyta	 Mamiellophyceae	 Mamiellophyceae_X	 Mamiellales	Mamiellales_X	 Mamiellaceae	 Mamiella	Mamiella
ea7d47b036509279b63a1f58fd58cbe8	 Eukaryota	 Stramenopiles	 Ochrophyta	 Pelagophyceae	 Pelagophyceae_X	 Sarcinochrysidales	SarcinochrysidaleX	 Sarcinochrysidaceae	 Sarcinochrysidaceae_X	Sarcinochrysidaceae_X
026881a1edc70e45ba5409ce8cba513c	 Eukaryota	 Stramenopiles	 Ochrophyta	 Bacillariophyta	 Bacillariophyceae	 Bacillariales	Bacillariales_X	 Bacillariaceae	 Bacillariaceae_X	Bacillariaceae_X
a74fa8d10b3dffd9614685c6932238d5	 Eukaryota	 Stramenopiles	 Ochrophyta	 Chrysophyceae-Synurophyceae	 Chrysophyceae_X	 Chromulinales	Chromulinales_X	 Chromulinaceae	 Chromulinaceae_X	Chromulinaceae_X
9f6cee17e7cb78c7b24d03e9420ce2f5	 Eukaryota	 Stramenopiles	 Ochrophyta	 Pelagophyceae	 Pelagophyceae_X	 Sarcinochrysidales	SarcinochrysidaleX	 Sarcinochrysidaceae	 Sarcinochrysidaceae_X	Sarcinochrysidaceae_X
2e3c6fc71332b82959d91b6615b1cd31	 Eukaryota	 Hacrobia	 Rappemonad	 Rappemonad_X	 Rappemonad_XX	 Rappemonad_XXX	Rappemonad_XXXX	 Rappemonad_XXXXX	 Rappemonad_XXXXXX	Rappemonad
d2d3480b16f1ebad6a5e57bd17e1b947	 Eukaryota	 Stramenopiles	 Ochrophyta	 Chrysophyceae-Synurophyceae	 Chrysophyceae-Synurophyceae_X	 Chrysophyceae-Synurophyceae_XX	Chrysophyceae-Synurophyceae_XXX	 Chrysophyceae-Synurophyceae_XXXX	 Chrysophyceae-Synurophyceae_XXXXX	Chrysophyceae-Synurophyceae_XXXXX
60baeb4ff8e729e66da62139c0616a26	 Eukaryota	 Hacrobia	 Rappemonad	 Rappemonad_X	 Rappemonad_XX	 Rappemonad_XXX	Rappemonad_XXXX	 Rappemonad_XXXXX	 Rappemonad_XXXXXX	Rappemonad
4b468d5f1c8dfe363ffe3170a0a9458b	 Eukaryota	 Hacrobia	 Haptophyta	 Prymnesiophyceae	 Prymnesiophyceae_X	 Prymnesiales	Prymnesiales_X	 Chrysochromulinaceae	 Chrysochromulina	Chrysochromulina
10c4b5a07c00fb75326814084b3e3f7c	 Eukaryota	 Stramenopiles	 Ochrophyta	 Pelagophyceae	 Pelagophyceae_X	 Sarcinochrysidales	SarcinochrysidaleX	 Sarcinochrysidaceae	 Sarcinochrysidaceae_X	Sarcinochrysidaceae_X
c294e7c90968726e2f0e334eb25324e5	 Eukaryota	 Stramenopiles	 Ochrophyta	 Pelagophyceae	 Pelagophyceae_X
8cccee2b2355fb97d6f555d7b3cb7c59	 Eukaryota	 Hacrobia	 Haptophyta	 Prymnesiophyceae	 Prymnesiophycidae_X	 Prymnesiales	Prymnesiales_X
635168cfbe2c176f96403387d7150d28	 Eukaryota	 Archaeplastida
5c241d072819202b184e9882b403c433	 Eukaryota	 Hacrobia	 Haptophyta	 Prymnesiophyceae	 Prymnesiophycidae_X	 Prymnesiales	Prymnesiales_X	 Chrysochromulinaceae	 Chrysochromulinaceae_X	Chrysochromulinaceae_X
d8844aa0d93088119895f350a7868340	 Eukaryota	 Stramenopiles	 Ochrophyta	 Chrysophyceae	 Chrysophyceae_X	 Chromulinales	Chromulinales_X	 Chromulinaceae	 Ochromonas	Ochromonas
7471b9b6096014ada7b11989016d1f1b	 Eukaryota	 Archaeplastida	 Chlorophyta	 Pedinophyceae	 Pedinophyceae_X	 Pedinomonadales	Pedinomonadales_X	 Pedinomonadaceae	 Pedinomonadaceae_X	Pedinomonadaceae_X
d5ec9adfb5d408ef3ecb56eaf919b1a9	 Eukaryota	 Hacrobia	 Haptophyta	 Prymnesiophyceae	 Prymnesiophyceae_X
43fcda4b19340537fd25cb41aff13752	 Eukaryota	 Hacrobia	 Haptophyta	 Prymnesiophyceae	 Prymnesiophyceae_X
2dd640a51f4a476951b94ccba797b2eb	 Eukaryota	 Archaeplastida	 Chlorophyta	 Mamiellophyceae	 Mamiellophyceae_X	 Mamiellales	Mamiellales_X	 Mamiellaceae	 Mamiellaceae_X	Mamiellaceae_X
a6b65ef8c3c052d23467fd5b1b609449	 Eukaryota	 Hacrobia	 Haptophyta	 Prymnesiophyceae	 Prymnesiophyceae_X	 Prymnesiales	Prymnesiales_X	 Prymnesiaceae	 Haptolina	Haptolina
f66700cd5982a8e291b1c94a03f59946	 Eukaryota	 Hacrobia	 Haptophyta	 Prymnesiophyceae
dffdf9532a1ee86e525509fe5b9c5bda	 Eukaryota	 Stramenopiles	 Stramenopiles_X	 Stramenopiles_XX	 Stramenopiles_XXX	 Stramenopiles_XXXX	Stramenopiles_XXXXX	 Stramenopiles_XXXXXX	 Stramenopile_Unknown	Stramenopile
7d5ad4b401111e127aea0eba8cb607dd	 Eukaryota	 Hacrobia	 Haptophyta	 Prymnesiophyceae	 Prymnesiophyceae_X
abbaa8b4f4c6a186f209a9a8174c7ddb	 Eukaryota	 Archaeplastida	 Chlorophyta	 Prasinophyceae	 Prasinophyceae_X	 Prasino-clade-7	Prasino-clade-7_X	 Prasino-clade-7C	 Prasino-clade-7C_X	Prasino-clade-7C_X
bbf6e79367f0efe4192a972e76322d40	 Eukaryota	 Hacrobia	 Haptophyta	 Prymnesiophyceae	 Prymnesiophycidae_X	 Prymnesiales	Prymnesiales_X	 Chrysochromulinaceae	 Chrysochromulinaceae_X	Chrysochromulinaceae_X
1f6a636ff4383b4f50ee7a6a46329330	 Eukaryota	 Archaeplastida	 Chlorophyta	 Pedinophyceae	 Pedinophyceae_X	 Pedinomonadales	Pedinomonadales_X	 Pedinomonadaceae	 Pedinomonadaceae_X	Pedinomonadaceae_X
7b311d9b74c81b23815519af7293455f	 Eukaryota	 Hacrobia	 Haptophyta	 Prymnesiophyceae	 Prymnesiophycidae_X	 Prymnesiales	Prymnesiales_X	 Chrysochromulinaceae	 Chrysochromulinaceae_X	Chrysochromulinaceae_X
c24a2500023efbc2bb226e020a6e0682	 Eukaryota	 Rhizaria	 Cercozoa	 Filosa-Chlorarachnea	 Filosa-Chlorarachnea_X	 Chlorarachniophyceae	Chlorarachniophyceae_X	 Chlorarachniaceae	 Bigelowiella	Bigelowiella
6e6062485c886ae2227d77c3de261437	 Eukaryota	 Archaeplastida
e2db75ce4ec580b5c5bf1d88bfc25604	 Eukaryota	 Hacrobia	 Rappemonad	 Rappemonad_X	 Rappemonad_XX	 Rappemonad_XXX	Rappemonad_XXXX	 Rappemonad_XXXXX	 Rappemonad_XXXXXX	Rappemonad
ec2835d49c1a7def9de224b81195877f	 Eukaryota	 Hacrobia	 Haptophyta	 Prymnesiophyceae	 Prymnesiophycidae_X	 Prymnesiales	Prymnesiales_X	 Chrysochromulinaceae	 Chrysochromulinaceae_X	Chrysochromulinaceae_X
fbece5be013a230661c3bd4eb4a1eae7	 Eukaryota	 Hacrobia	 Haptophyta	 Prymnesiophyceae	 Prymnesiophycidae_X	 Prymnesiales	Prymnesiales_X	 Chrysochromulinaceae	 Chrysochromulinaceae_X	Chrysochromulinaceae_X
fdca2ca8bed2fd7e852ab6403fa96fbf	 Eukaryota	 Hacrobia	 Haptophyta	 Prymnesiophyceae	 Prymnesiophycidae_X	 Prymnesiophycidae_XX	Prymnesiophycidae_XXX	 Prymnesiophycidae_XXXX	 Prymnesiophycidae_XXXXX	Prymnesiophycidae_XXXXX
0479d003299a70b9e14427c3f0074331	 Eukaryota	 Stramenopiles	 Ochrophyta	 Pinguiophyceae	 Pinguiophyceae_X	 Pinguiochrysidales	Pinguiochrysidales_X	 Pinguiochrysidaceae	 Pinguiochrysidaceae_X	Pinguiochrysidaceae_X
9f731659b4c60c575ff2fa7f05eaecf3	 Eukaryota	 Stramenopiles	 Ochrophyta	 Dictyochophyceae	 Dictyochophyceae_X	 Pedinellales	Pedinellales_X	 Pedinellaceae	 Mesopedinella	Mesopedinella
dc431499133cc855f8d74d5cdde35703	 Eukaryota	 Archaeplastida
d4e2c9f35f83dc1b504b5e5c7054106e	 Eukaryota	 Stramenopiles	 Ochrophyta	 Bacillariophyta	 Coscinodiscophyceae	 Rhizosoleniales	Rhizosoleniales_X	 Rhizosoleniaceae	 Rhizosolenia	Rhizosolenia
6b7eaf1ab75bdeaeee4dd515ab9902f9	 Eukaryota	 Hacrobia	 Haptophyta	 Prymnesiophyceae
95d4d37c7afdfd24a01ed15ec546c9a2	 Eukaryota	 Hacrobia	 Haptophyta	 Prymnesiophyceae	 Prymnesiophycidae_X
d42736d14f9eaa960c11152cd04b0d43	 Eukaryota	 Stramenopiles	 Ochrophyta	 Pelagophyceae	 Pelagophyceae_X	 Sarcinochrysidales	SarcinochrysidaleX	 Sarcinochrysidaceae	 Sarcinochrysidaceae_X	Sarcinochrysidaceae_X
725114e9e3451404c44c653aa148ef81	 Eukaryota	 Stramenopiles	 Ochrophyta	 Chrysophyceae-Synurophyceae	 Chrysophyceae-Synurophyceae_X	 Chrysophyceae-Synurophyceae_XX	Chrysophyceae-Synurophyceae_XXX	 Chrysophyceae-Synurophyceae_XXXX	 Chrysophyceae-Synurophyceae_XXXXX	Chrysophyceae-Synurophyceae_XXXXX
5c31b26b0098e548724d165896fecf5c	 Eukaryota	 Stramenopiles	 Ochrophyta
dfc51f5a400d1496b0add9e7131262d6	 Eukaryota	 Stramenopiles	 Ochrophyta	 Chrysophyceae-Synurophyceae	 Chrysophyceae-Synurophyceae_X	 Chrysophyceae-Synurophyceae_XX	Chrysophyceae-Synurophyceae_XXX	 Chrysophyceae-Synurophyceae_XXXX	 Chrysophyceae-Synurophyceae_XXXXX	Chrysophyceae-Synurophyceae_XXXXX
2a3b8df0e7ef665f9cba1d06eb7d1f1b	 Eukaryota	 Stramenopiles	 Ochrophyta	 Dictyochophyceae	 Dictyochophyceae_X	 Dictyochophyceae_XX	Dictyochophyceae_XXX	 Dictyochophyceae_XXXX	 Dictyochophyceae_XXXXX	Dictyochophyceae_XXXXX
8b2f49d8669322af4089603d00c8eed1	 Eukaryota	 Hacrobia	 Haptophyta	 Prymnesiophyceae	 Prymnesiophycidae_X	 Prymnesiales	Prymnesiales_X	 Chrysochromulinaceae	 Chrysochromulinaceae_X	Chrysochromulinaceae_X
a764cc71e1104a92345aa4d4eaec1ce5	 Eukaryota	 Hacrobia	 Cryptophyta	 Cryptophyceae	 Cryptophyceae_X	 Pyrenomonadales	Pyrenomonadales_X
a7d74597bd6d7aa03db0a034322cfb6d	 Eukaryota	 Hacrobia	 Haptophyta	 Prymnesiophyceae	 Prymnesiophycidae_X	 Prymnesiales	Prymnesiales_X	 Chrysochromulinaceae	 Chrysochromulinaceae_X	Chrysochromulinaceae_X
980f273351b9b1e342750cb1b8e44c37	 Eukaryota	 Hacrobia	 Haptophyta	 Prymnesiophyceae
b4cc5f76380e5d3f7d38a470c62a6f78	 Eukaryota	 Hacrobia	 Haptophyta	 Prymnesiophyceae	 Prymnesiophycidae_X	 Prymnesiales	Prymnesiales_X	 Prymnesiaceae	 Prymnesiaceae_X	Prymnesiaceae_X
88a3a0f1fde0ba7fc30fda73f2334c4a	 Eukaryota	 Stramenopiles	 Ochrophyta	 Bacillariophyta
f05fa9bbe6e59ed9b65ea6dcfbabdf10	 Eukaryota	 Archaeplastida
b8b91f870bc277fdff8f5c4671cdc55e	 Eukaryota	 Archaeplastida
30a86845538299d6c8a30c11a14bd008	 Eukaryota	 Archaeplastida	 Chlorophyta	 Prasinophyceae	 Prasinophyceae_X	 Pyramimonadales	Pyramimonadales_X	 Pyramimonadaceae	 Cymbomonas	Cymbomonas
557dc8c7ae1b611da143d6d13734007d	 Eukaryota	 Hacrobia	 Haptophyta	 Prymnesiophyceae	 Prymnesiophycidae_X
5686098ac41729a576db423acf5b0ce3	 Eukaryota	 Hacrobia	 Haptophyta	 Prymnesiophyceae	 Prymnesiophyceae_X
7aeb8a4c20da72a45b331ce430e4ebc7	 Eukaryota
01115de74e86ee3a2a3d410d5496b31f	 Eukaryota	 Archaeplastida
c508b95e2cc0e404dc4939d4ac3520b2	 Eukaryota	 Stramenopiles	 Ochrophyta	 Bacillariophyta	 Bacillariophyceae
75f99d4c12f3104ee652311c7e47a710	 Eukaryota	 Hacrobia	 Haptophyta	 Prymnesiophyceae	 Prymnesiophycidae_X	 Prymnesiales	Prymnesiales_X
c104cc45e67b75cd5fab6dc07a15398a	 Eukaryota	 Stramenopiles	 Ochrophyta	 Bacillariophyta	 Bacillariophyceae
de974a7ce77c2b88556c8b0e7c9f3749	 Eukaryota	 Archaeplastida
31edf5c6b0afcdc71f46e5b055c27728	 Eukaryota	 Stramenopiles	 Ochrophyta	 Bacillariophyta
024b4bbf8e4e20f29f4c1fd90940ab01	 Eukaryota	 Archaeplastida
97f625a118a5ec7a41da7b49c8bbbbb8	 Eukaryota
afb1d9690613a02a8e97fcaa05f0667b	 Eukaryota	 Archaeplastida	 Chlorophyta	 Prasino-Clade-V	 NonePrasino-Clade-V_X	 Pseudoscourfieldiales	Pseudoscourfieldiales_X	 Pycnococcaceae	 Pycnococcaceae_X	Pycnococcaceae_X
334feb949bba92d67ce2d15e5517f30d	 Eukaryota	 Stramenopiles	 Ochrophyta	 Bacillariophyta	 Bacillariophyceae
57db16e664baebddb183fde74511f4b4	 Eukaryota	 Rhizaria	 Cercozoa	 Filosa-Chlorarachnea	 Filosa-Chlorarachnea_X	 Chlorarachniophyceae	Chlorarachniophyceae_X	 Chlorarachniaceae	 Chlorarachniaceae_X	Chlorarachniaceae_X
5fe5ad754df53113115b98f927dc96da	 Eukaryota	 Archaeplastida
32f388da40f6c441ebe186ebbc46b077	 Eukaryota	 Hacrobia	 Haptophyta	 Prymnesiophyceae	 Prymnesiophycidae_X
81fd1186bab0c728a25f03d941d25a7c	 Eukaryota	 Stramenopiles	 Ochrophyta	 Pelagophyceae	 Pelagophyceae_X	 Sarcinochrysidales	SarcinochrysidaleX	 Sarcinochrysidaceae	 Sarcinochrysidaceae_X	Sarcinochrysidaceae_X
def79193235057732ae6500e9b654dea	 Eukaryota	 Stramenopiles	 Ochrophyta	 Dictyochophyceae	 Dictyochophyceae_X	 Dictyochophyceae_XX	Dictyochophyceae_XXX	 Dictyochophyceae_XXXX	 Dictyochophyceae_XXXXX	Dictyochophyceae_XXXXX
f570e4881cddc4dab3a4f93ce853177b	 Eukaryota	 Archaeplastida
695065ceceaa69659fc8ddee0e79c606	 Eukaryota	 Archaeplastida
12611d7053edcefc1bd646ad2984f34e	 Eukaryota	 Hacrobia	 Haptophyta	 Prymnesiophyceae	 Prymnesiophycidae_X
8cf6a291e836183078c567d1d98656db	 Eukaryota	 Archaeplastida	 Chlorophyta	 Prasinophyceae	 Prasinophyceae_X	 Prasino-clade-7	Prasino-clade-7_X	 Prasino-clade-7C	 Prasino-clade-7C_X	Prasino-clade-7C_X
d19e0cec6a494c91b137e7b13ba18e20	 Eukaryota	 Archaeplastida	 Rhodophyta	 Florideophyceae
897a4a480764a2cdc99403f0b8483f09	 Eukaryota	 Hacrobia	 Haptophyta	 Prymnesiophyceae
b06cd7463cde97538c8cf8602b50fcee	 Eukaryota	 Stramenopiles	 Ochrophyta	 Bolidophyceae	 Bolidophyceae_X	 Bolidomonadales	Bolidomonadales_X	 Bolidomonadaceae	 Bolidomonas	Bolidomonas
7ce7c1fa2ee17beefcdcd90c9f8a0812	 Eukaryota	 Hacrobia	 Haptophyta	 Prymnesiophyceae	 Prymnesiophyceae_X	 Prymnesiophyceae_XX	Prymnesiophycidae_XXX	 Prymnesiophycidae_XXXX	 Prymnesiophyceae_XXXXX	Prymnesiophyceae_XXXXX
84ec880b089f8c01d07c3eec6972164f	 Eukaryota	 Hacrobia	 Haptophyta	 Prymnesiophyceae	 Prymnesiophyceae_X
ca5508a51ce13327c29dff18ab245837	 Eukaryota	 Hacrobia	 Haptophyta	 Prymnesiophyceae	 Prymnesiophycidae_X	 Prymnesiales	Prymnesiales_X	 Chrysochromulinaceae	 Chrysochromulinaceae_X	Chrysochromulinaceae_X
22ba3163c1363d64cbbeee6bff8c6517	 Eukaryota	 Stramenopiles	 Ochrophyta	 Dictyochophyceae	 Dictyochophyceae_X	 Dictyochophyceae_XX	Dictyochophyceae_XXX	 Dictyochophyceae_XXXX	 Dictyochophyceae_XXXXX	Dictyochophyceae_XXXXX
2f52bfb075d038a1b72a4dd9d53a01e8	 Eukaryota	 Stramenopiles	 Ochrophyta	 Dictyochophyceae	 Dictyochophyceae_X	 Dictyochophyceae_XX	Dictyochophyceae_XXX	 Dictyochophyceae_XXXX	 Dictyochophyceae_XXXXX	Dictyochophyceae_XXXXX
581b1132b8abd58cb24ee10964c1f3c4	 Eukaryota	 Stramenopiles	 Ochrophyta	 Bacillariophyta
2e51fa0db8d2cf6cabac348e5d568521	 Eukaryota	 Hacrobia	 Haptophyta	 Prymnesiophyceae	 Prymnesiophyceae_X	 Isochrysidales	Isochrysidales_X	 Noelaerhabdaceae	 Emiliania	Emiliania
76045907460576b119ad93e257013f52	 Eukaryota	 Hacrobia	 Haptophyta	 Prymnesiophyceae	 Prymnesiophyceae_X
d234e278b1aaf2cd8526f185e95183f2	 Eukaryota	 Hacrobia	 Haptophyta	 Prymnesiophyceae	 Prymnesiophycidae_X	 Prymnesiales	Prymnesiales_X
44ea179a743abc3296f57b565aaff792	 Eukaryota	 Stramenopiles	 Ochrophyta	 Bacillariophyta	 Bacillariophyceae	 Bacillariophyceae_X	Bacillariophyceae_XX	 Bacillariophyceae_XXX	 Bacillariophyceae_XXXX	Bacillariophyceae_XXXX
1f4f6d9b0e21bfd0bcc6e48d1e3b490c	 Eukaryota	 Stramenopiles	 Ochrophyta	 Dictyochophyceae	 Dictyochophyceae_X	 Pedinellales	Pedinellales_X	 Pedinellaceae	 Mesopedinella	Mesopedinella
8ef5a2846ec99660a57ea4b8d27beffe	 Eukaryota	 Hacrobia	 Haptophyta
38383764af07e13703519f410ed7c93b	 Eukaryota	 Hacrobia	 Rappemonad	 Rappemonad_X	 Rappemonad_XX	 Rappemonad_XXX	Rappemonad_XXXX	 Rappemonad_XXXXX	 Rappemonad_XXXXXX	Rappemonad
b4b21a303dba76311a6b53b091d199bf	 Eukaryota	 Hacrobia	 Haptophyta	 Prymnesiophyceae
41f4619cece513a53f38e9859d61c7fe	 Eukaryota	 Hacrobia	 Haptophyta	 Prymnesiophyceae	 Prymnesiophyceae_X	 Prymnesiophyceae_XX	Prymnesiophyceae_XXX	 Braarudosphaeraceae	 Braarudosphaeraceae_X	Braarudosphaeraceae_X
62f847f5f77994e9d9b25b61207d6e20	 Eukaryota	 Hacrobia	 Haptophyta	 Prymnesiophyceae	 Prymnesiophycidae_X	 Prymnesiales	Prymnesiales_X	 Prymnesiaceae	 Prymnesiaceae_X	Prymnesiaceae_X
c11382dbe93c5cf9e98818644c10014b	 Eukaryota	 Stramenopiles	 Ochrophyta	 Dictyochophyceae	 Dictyochophyceae_X	 Dictyochophyceae_XX	Dictyochophyceae_XXX	 Dictyochophyceae_XXXX	 Dictyochophyceae_XXXXX	Dictyochophyceae_XXXXX
e039dddce0c879a6973e83a959f27bf4	 Eukaryota	 Hacrobia	 Haptophyta	 Prymnesiophyceae
4d28ecfec489b193689019337eb60f95	 Eukaryota	 Stramenopiles	 Ochrophyta	 Ochrophyta_X	 Ochrophyta_XX	 Ochrophyta_XXX	Ochrophyta_XXXX	 Ochrophyta_XXXXX	 Ochrophyta_XXXXXX	Ochrophyta_XXXXXX
4ea6aab0033ea21e8c2f20e99bb88687	 Eukaryota	 Archaeplastida	 Chlorophyta	 Prasinophyceae	 Prasinophyceae_X	 Pyramimonadales	Pyramimonadales_X	 Pyramimonadaceae	 Pyramimonadaceae_X	Pyramimonadaceae_X
0383243e27a3d43f11dff49c43889f1e	 Eukaryota	 Hacrobia	 Haptophyta	 Prymnesiophyceae	 Prymnesiophycidae_X
2ccb78be0460d8b60e31a60d0cbb1b99	 Eukaryota	 Stramenopiles	 Ochrophyta	 Dictyochophyceae	 Dictyochophyceae_X	 Dictyochophyceae_XX	Dictyochophyceae_XXX	 Dictyochophyceae_XXXX	 Dictyochophyceae_XXXXX	Dictyochophyceae_XXXXX
aabb7d8e6a3022e7a7ce378f439e9e6a	 Eukaryota	 Hacrobia	 Haptophyta	 Prymnesiophyceae	 Prymnesiophycidae_X	 Prymnesiales	Prymnesiales_X	 Chrysochromulinaceae	 Chrysochromulinaceae_X	Chrysochromulinaceae_X
aa445928404ab68113e3eea294d407fa	 Eukaryota	 Archaeplastida	 Chlorophyta
c9a2719cb85d231b334c300c1a0c3aa7	 Eukaryota	 Hacrobia	 Haptophyta	 Prymnesiophyceae
c4e9d99c4a81cc8f7049ce1e800f1675	 Eukaryota	 Hacrobia	 Haptophyta	 Prymnesiophyceae	 Prymnesiophyceae_X
21ffb0ec4d01881fff9ea85fc1b2635b	 Eukaryota	 Archaeplastida	 Chlorophyta	 Pedinophyceae	 Pedinophyceae_X	 Pedinomonadales	Pedinomonadales_X	 Pedinomonadaceae	 Pedinomonadaceae_X	Pedinomonadaceae_X
08cc1c9d9b540b2e7870067d2c238c46	 Eukaryota	 Stramenopiles	 Ochrophyta	 Pelagophyceae	 Pelagophyceae_X	 Sarcinochrysidales	SarcinochrysidaleX	 Sarcinochrysidaceae	 Sarcinochrysidaceae_X	Sarcinochrysidaceae_X
5d52cc620435dd88ccf46a774f66f6ec	 Eukaryota	 Hacrobia	 Haptophyta	 Prymnesiophyceae	 Prymnesiophycidae_X	 Prymnesiales	Prymnesiales_X
231b9d470a2ce8add7ebdad5a700e0c1	 Eukaryota	 Stramenopiles	 Ochrophyta	 Dictyochophyceae	 Dictyochophyceae_X	 Dictyochophyceae_XX	Dictyochophyceae_XXX	 Dictyochophyceae_XXXX	 Dictyochophyceae_XXXXX	Dictyochophyceae_XXXXX
6860a1ce57b5e8c519d6cecc7d3231b5	 Eukaryota	 Hacrobia	 Haptophyta	 Prymnesiophyceae	 Prymnesiophyceae_X	 Prymnesiophyceae_XX	Prymnesiophyceae_XXX	 Prymnesiophyceae_XXXX	 Prymnesiophyceae_XXXXX	Prymnesiophyceae_XXXXX
16330287efcdca6580b8e853cfa6cec0	 Eukaryota	 Hacrobia	 Haptophyta	 Prymnesiophyceae	 Prymnesiophycidae_X	 Prymnesiales	Prymnesiales_X
863c29cbde9e283358d0d42c792467d7	 Eukaryota	 Hacrobia	 Haptophyta	 Prymnesiophyceae
ca1b7ba0dec792d5bed49dc6334fd582	 Eukaryota	 Stramenopiles	 Ochrophyta
10e7690581b8837f76a6d8290fae4271	 Eukaryota	 Stramenopiles	 Ochrophyta	 Chrysophyceae-Synurophyceae	 Chrysophyceae-Synurophyceae_X	 Chrysophyceae-Synurophyceae_XX	Chrysophyceae-Synurophyceae_XXX	 Chrysophyceae-Synurophyceae_XXXX	 Chrysophyceae-Synurophyceae_XXXXX	Chrysophyceae-Synurophyceae_XXXXX
cac6ca900d7979ed2c6ed0aa1986c2dc	 Eukaryota	 Hacrobia	 Haptophyta	 Prymnesiophyceae	 Prymnesiophycidae_X	 Phaeocystales	Phaeocystales_X	 Phaeocystaceae	 Phaeocystaceae_X	Phaeocystaceae_X
105dbd83c491c54b4e6a0032254083a9	 Eukaryota	 Stramenopiles	 Ochrophyta	 Bacillariophyta	 Bacillariophyceae	 Bacillariales	Bacillariales_X	 Bacillariaceae
768b61a77ad63089d00aa262730727a6	 Eukaryota	 Hacrobia	 Haptophyta	 Prymnesiophyceae	 Prymnesiophycidae_X	 Coccolithales	Coccolithales_X	 Hymenomonadaceae	 Hymenomonadaceae_X	Hymenomonadaceae_X
19fe433aa1fa79ef46443ea3e4c7c3dd	 Eukaryota	 Stramenopiles	 Ochrophyta	 Dictyochophyceae	 Dictyochophyceae_X	 Dictyochophyceae_XX	Dictyochophyceae_XXX	 Dictyochophyceae_XXXX	 Dictyochophyceae_XXXXX	Dictyochophyceae_XXXXX
87c1269d7c360982b4004f0d998b5e3a	 Eukaryota	 Archaeplastida	 Streptophyta	 Embryophyceae
663774f2d17a06e054aafff96fbf5b21	 Eukaryota	 Hacrobia	 Cryptophyta	 Cryptophyceae	 Cryptophyceae_X	 Pyrenomonadales	Pyrenomonadales_X
a208156b96b71e80d63a9b62e9167ee4	 Eukaryota	 Stramenopiles	 Ochrophyta	 Pelagophyceae	 Pelagophyceae_X	 Pelagomonadales	Pelagomonadales_X	 Pelagomonadaceae	 Pelagomonas	Pelagomonas
65f4e7de92703f2e97047bebdfb3a77e	 Eukaryota	 Archaeplastida
897386c06b9e1c214edfc784f9d0f0d9	 Eukaryota	 Stramenopiles	 Ochrophyta	 Dictyochophyceae	 Dictyochophyceae_X	 Dictyochophyceae_XX	Dictyochophyceae_XXX	 Dictyochophyceae_XXXX	 Dictyochophyceae_XXXXX	Dictyochophyceae_XXXXX
ed7a353b9e4966c02c79f5ca13c84757	 Eukaryota	 Archaeplastida	 Chlorophyta	 Pedinophyceae	 Pedinophyceae_X	 Pedinomonadales	Pedinomonadales_X	 Pedinomonadaceae	 Pedinomonadaceae_X	Pedinomonadaceae_X
60a9ba2a598a543f66e7e8b5f54d9b76	 Eukaryota	 Archaeplastida	 Chlorophyta	 Mamiellophyceae	 Mamiellophyceae_X	 Mamiellales	Mamiellales_X	 Mamiellaceae
4f251c664ad75cd51877a80437bd5b01	 Eukaryota	 Archaeplastida	 Chlorophyta	 Mamiellophyceae	 Mamiellophyceae_X	 Dolichomastigales	Dolichomastigales_X	 Dolichomastigaceae	 Dolichomastix	Dolichomastix
838ae2f319faa6f92b1aa0aa80e01f1c	 Eukaryota
2dc9d4840a2e4ecdd013907550fcccce	 Eukaryota	 Stramenopiles	 Ochrophyta	 Bacillariophyta
5f271ead828d92be4676a4400e667b95	 Eukaryota	 Archaeplastida	 Chlorophyta	 Pedinophyceae	 Pedinophyceae_X	 Pedinomonadales	Pedinomonadales_X	 Pedinomonadaceae	 Pedinomonadaceae_X	Pedinomonadaceae_X
7dc96f8c1652127402e2d154cb8aa449	 Eukaryota	 Archaeplastida	 Rhodophyta	 Florideophyceae	 Rhodymeniophycidae
32b1cfe06e250668faea2baddb1ff246	 Eukaryota	 Stramenopiles	 Ochrophyta	 Dictyochophyceae	 Dictyochophyceae_X	 Dictyochophyceae_XX	Dictyochophyceae_XXX	 Dictyochophyceae_XXXX	 Dictyochophyceae_XXXXX	Dictyochophyceae_XXXXX
73d920a9ed3207c3befee0a83c9347ef	 Eukaryota	 Stramenopiles	 Ochrophyta	 Pelagophyceae	 Pelagophyceae_X	 Sarcinochrysidales	SarcinochrysidaleX	 Sarcinochrysidaceae	 Sarcinochrysidaceae_X	Sarcinochrysidaceae_X
afde4563594fe2b8f777f48c5daa849c	 Eukaryota	 Hacrobia	 Haptophyta	 Prymnesiophyceae	 Prymnesiophycidae_X	 Prymnesiales	Prymnesiales_X	 Chrysochromulinaceae	 Chrysochromulinaceae_X	Chrysochromulinaceae_X
50c803368dedf97fa6f7784265336c05	 Eukaryota	 Hacrobia	 Rappemonad	 Rappemonad_X	 Rappemonad_XX	 Rappemonad_XXX	Rappemonad_XXXX	 Rappemonad_XXXXX	 Rappemonad_XXXXXX	Rappemonad
622eef2e10135d24db1b7c4be99f2989	 Eukaryota	 Hacrobia	 Haptophyta	 Prymnesiophyceae	 Prymnesiophycidae_X
fd2b6a150c27efd1f54f1e280c61d10a	 Eukaryota	 Archaeplastida	 Chlorophyta	 Pedinophyceae	 Pedinophyceae_X	 Pedinomonadales	Pedinomonadales_X	 Pedinomonadaceae	 Pedinomonadaceae_X	Pedinomonadaceae_X
f3e5c153f1c54fd1ded5f92dea9360a0	 Eukaryota	 Hacrobia	 Haptophyta	 Prymnesiophyceae	 Prymnesiophycidae_X	 Phaeocystales	Phaeocystales_X	 Phaeocystaceae	 Phaeocystaceae_X	Phaeocystaceae_X
b1aa976f2fedaed2d53256790170e59e	 Eukaryota	 Archaeplastida
52a285a66c12ffa0dd82a2e7a606a53a	 Eukaryota	 Hacrobia	 Haptophyta	 Prymnesiophyceae	 Prymnesiophycidae_X	 Prymnesiales	Prymnesiales_X	 Chrysochromulinaceae	 Chrysochromulinaceae_X	Chrysochromulinaceae_X
bc794a8df80afbc3c469b5293b74c7f6	 Eukaryota	 Hacrobia	 Haptophyta	 Prymnesiophyceae	 Prymnesiophycidae_X	 Phaeocystales	Phaeocystales_X	 Phaeocystaceae
7bbe1a0956259533639b221611e31240	 Eukaryota	 Hacrobia	 Haptophyta	 Prymnesiophyceae	 Prymnesiophyceae_X	 Prymnesiophyceae_XX	Prymnesiophyceae_XXX	 Prymnesiophyceae_XXXX	 Prymnesiophyceae_XXXXX	Prymnesiophyceae_XXXXX
90c083f11a41f8e32c257c44e0968cfd	 Eukaryota	 Hacrobia	 Haptophyta	 Prymnesiophyceae	 Prymnesiophyceae_X	 Zygodiscales	Zygodiscales_X	 Helicosphaeraceae	 Helicosphaera	Helicosphaera
c8424708237db715749c9b4710b52be4	 Eukaryota	 Stramenopiles	 Ochrophyta	 Chrysophyceae	 Chrysophyceae_X	 Chromulinales	Chromulinales_X	 Chromulinaceae	 Ochromonas	Ochromonas
34723378ee044f8c0a63418b07b75f50	 Eukaryota	 Archaeplastida
d7e0b7814b26db2dd9ef929d3e65a861	 Eukaryota	 Stramenopiles	 Ochrophyta	 Dictyochophyceae	 Dictyochophyceae_X	 Dictyochophyceae_XX	Dictyochophyceae_XXX	 Dictyochophyceae_XXXX	 Dictyochophyceae_XXXXX	Dictyochophyceae_XXXXX
2fa4e2ae9f2d9a92931624ce2520cbe4	 Eukaryota	 Stramenopiles	 Ochrophyta	 Pelagophyceae	 Pelagophyceae_X	 Pelagomonadales	Pelagomonadales_X	 Pelagomonadaceae	 Pelagomonadaceae_X	Pelagomonadaceae_X
a23d4546959438c7d652b59019974925	 Eukaryota	 Hacrobia	 Haptophyta	 Prymnesiophyceae	 Prymnesiophycidae_X	 Prymnesiales	Prymnesiales_X
913f6f439c2d0098110032dc82b5cc19	 Eukaryota	 Rhizaria	 Cercozoa	 Filosa-Chlorarachnea	 Filosa-Chlorarachnea_X	 Chlorarachniophyceae	Chlorarachniophyceae_X	 Chlorarachniaceae	 Gymnochlora	Gymnochlora
60d3036c561919f416b71674558a1791	 Eukaryota	 Archaeplastida	 Chlorophyta	 Prasinophyceae	 Prasinophyceae_X	 Pseudoscourfieldiales-clade-6	Pseudoscourfieldiales_X	 Pycnococcaceae	 Prasinoderma_clade-6	Prasinoderma
c446bbac52b4ab523ce0856218cc3516	 Eukaryota	 Stramenopiles	 Stramenopiles_X	 Stramenopiles_XX	 Stramenopiles_XXX	 Stramenopiles_XXXX	Stramenopiles_XXXXX	 Stramenopiles_XXXXXX	 Stramenopile_Unknown	Stramenopile
c9d4867eb0bd2c0bf458aa380fb7c165	 Eukaryota	 Stramenopiles	 Ochrophyta	 Bacillariophyta	 Bacillariophyta_X	 Bacillariophyta_XX	Bacillariophyta_XXX	 Bacillariophyta_XXXX	 Bacillariophyta_XXXXX	Bacillariophyta_XXXXX
9caf516521ba4e492c0b4bac479eaa22	 Eukaryota	 Stramenopiles	 Ochrophyta	 Pelagophyceae	 Pelagophyceae_X	 Sarcinochrysidales	SarcinochrysidaleX	 Sarcinochrysidaceae	 Sarcinochrysidaceae_X	Sarcinochrysidaceae_X
16a85a98cbb3fff819c48592227b5a22	 Eukaryota	 Archaeplastida	 Chlorophyta	 Pedinophyceae	 Pedinophyceae_X	 Pedinomonadales	Pedinomonadales_X	 Pedinomonadaceae	 Pedinomonadaceae_X	Pedinomonadaceae_X
160fa873cf753f713e48d5aae8cd28ce	 Eukaryota	 Archaeplastida
7065f0c2b7cbb129b4038692be657c60	 Eukaryota	 Stramenopiles	 Ochrophyta	 Dictyochophyceae	 Dictyochophyceae_X	 Dictyochophyceae_XX	Dictyochophyceae_XXX	 Dictyochophyceae_XXXX	 Dictyochophyceae_XXXXX	Dictyochophyceae_XXXXX
981bdf1cde85c1d69fdcf622970a080e	 Eukaryota	 Hacrobia	 Haptophyta	 Prymnesiophyceae	 Prymnesiophyceae_X
42c5c316e81d734e96bd596e012acd4c	 Eukaryota	 Hacrobia	 Haptophyta	 Prymnesiophyceae	 Prymnesiophyceae_X	 Prymnesiales	Prymnesiales_X
9e53ffab9324ded7b2c07aa22ec0de3d	 Eukaryota	 Hacrobia	 Haptophyta	 Prymnesiophyceae	 Prymnesiophycidae_X	 Prymnesiales	Prymnesiales_X
65186d235ce2def552c7c5a15c5e0807	 Eukaryota	 Stramenopiles	 Ochrophyta	 Dictyochophyceae	 Dictyochophyceae_X
0a95a791a90c04a038f3d3e71ed2064b	 Eukaryota	 Hacrobia	 Haptophyta	 Prymnesiophyceae	 Prymnesiophycidae_X	 Coccolithales	Coccolithales_X	 Hymenomonadaceae	 Hymenomonadaceae_X	Hymenomonadaceae_X
6e12afae392dee9b9fe5ccd756b1fe80	 Eukaryota	 Archaeplastida	 Chlorophyta	 Pedinophyceae	 Pedinophyceae_X	 Pedinomonadales	Pedinomonadales_X	 Pedinomonadaceae	 Pedinomonadaceae_X	Pedinomonadaceae_X
be71706aa1b6d9b017a1da689af673d9	 Eukaryota	 Archaeplastida
cdc06153766b6e547db4a3fdaf5caa3b	 Eukaryota	 Hacrobia	 Haptophyta	 Prymnesiophyceae	 Prymnesiophyceae_X	 Syracosphaerales	Syracosphaerales_X	 Syracosphaeraceae	 Syracosphaera	Syracosphaera
238baa14c01255662b85c56aaa6bb141	 Eukaryota	 Archaeplastida
78d20d01fd62dfffa88c3aa08080f143	 Eukaryota	 Hacrobia	 Rappemonad	 Rappemonad_X	 Rappemonad_XX	 Rappemonad_XXX	Rappemonad_XXXX	 Rappemonad_XXXXX	 Rappemonad_XXXXXX	Rappemonad
7dd2c9db3bd8a47774e6be8cf7a651e3	 Eukaryota	 Hacrobia	 Haptophyta	 Prymnesiophyceae	 Prymnesiophyceae_X	 Prymnesiales	Prymnesiales_X	 Chrysochromulinaceae	 Chrysochromulina	Chrysochromulina
d484053ffdff95adeb77604aacfb5905	 Eukaryota	 Stramenopiles	 Ochrophyta	 Dictyochophyceae	 Dictyochophyceae_X	 Pedinellales	Pedinellales_X	 Pedinellales_XX	 Pedinellales_XXX	Pedinellales_XXX
9f5a28dda95618b8549e1c11aea94f71	 Eukaryota	 Archaeplastida	 Rhodophyta	 Florideophyceae	 Rhodymeniophycidae
022fb8a30d296874d66e7689fb346f97	 Eukaryota	 Rhizaria	 Cercozoa	 Filosa-Chlorarachnea	 Filosa-Chlorarachnea_X	 Chlorarachniophyceae	Chlorarachniophyceae_X	 Chlorarachniaceae	 Bigelowiella	Bigelowiella
d6e017d931118bcf20daeddd0e91c576	 Eukaryota	 Stramenopiles	 Ochrophyta	 Bacillariophyta
480ad10b52e6cfda3c1ffbf71ead37b8	 Eukaryota	 Stramenopiles	 Ochrophyta	 Bacillariophyta	 Coscinodiscophyceae	 Chaetocerotales
799f82ed7fdb17ead68cfb43b73b65e2	 Eukaryota	 Hacrobia	 Haptophyta	 Prymnesiophyceae	 Prymnesiophyceae_X	 Isochrysidales	Isochrysidales_X	 Isochrysidaceae
a59cd70fdbb2cf238e10492eef2cf3b4	 Eukaryota	 Archaeplastida
7833fcf6c3dda5f65ab41cc437d8c8cb	 Eukaryota	 Archaeplastida
bb5866169be088202f2c83d0eafba57e	 Eukaryota	 Hacrobia	 Haptophyta	 Prymnesiophyceae
82f19c0efe505cf7bd7b3e936fdd939f	 Eukaryota	 Archaeplastida	 Chlorophyta	 Prasinophyceae	 Prasinophyceae_X	 Prasino-clade-9	Prasino-clade-9_X	 Prasino-clade-9_XX	 Prasino-clade-9_XXX	Prasino-clade-9_XXX
49018a311282baa6017d62917eba0f03	 Eukaryota	 Hacrobia	 Haptophyta	 Prymnesiophyceae	 Prymnesiophycidae_X	 Prymnesiales	Prymnesiales_X
baf50209abf7b979d218a8f0389d1392	 Eukaryota	 Stramenopiles	 Ochrophyta	 Bacillariophyta
3899d7ebf5489bb799850fce877dc45e	 Eukaryota	 Archaeplastida	 Chlorophyta	 Pedinophyceae	 Pedinophyceae_X	 Pedinomonadales	Pedinomonadales_X	 Pedinomonadaceae	 Pedinomonadaceae_X	Pedinomonadaceae_X
5ea0bd641ceadefd86169e853c45afd5	 Eukaryota	 Hacrobia	 Haptophyta	 Prymnesiophyceae	 Prymnesiophyceae_X	 Coccolithales	Coccolithales_X	 Calcidiscaceae	 Calcidiscus	Calcidiscus
1dfe8e911e76f80b00b69162da826f84	 Eukaryota	 Stramenopiles	 Ochrophyta	 Bacillariophyta
3bb79976f62ec4bea87f32d2cf0e14f4	 Eukaryota	 Hacrobia	 Haptophyta	 Prymnesiophyceae	 Prymnesiophycidae_X	 Prymnesiales	Prymnesiales_X	 Chrysochromulinaceae	 Chrysochromulinaceae_X	Chrysochromulinaceae_X
	
